# 3ds Max Wavefront OBJ Exporter v0.97b - (c)2007 guruware
# File Created: 16.09.2014 20:04:12

mtllib Ghost.mtl

#
# object DrawCall_0642
#

v  -0.118256 1.702143 -0.744884
v  -0.102509 1.807968 -0.783098
v  -0.115749 1.728308 -0.712065
v  0.161127 1.480004 -0.753531
v  0.185860 1.604828 -0.767279
v  0.170610 1.461421 -0.760422
v  -0.094252 1.616791 -0.753105
v  -0.148844 1.522480 -0.728172
v  0.217865 1.687789 -0.761911
v  0.207731 1.794718 -0.798811
v  0.211987 1.637203 -0.800606
v  -0.077847 1.490026 -0.741657
v  -0.089506 1.472329 -0.747486
v  0.235540 1.506360 -0.747290
v  -0.120548 1.651404 -0.783764
v  0.050238 1.493050 -0.581060
v  0.189070 1.632840 -0.616615
v  0.050217 1.437871 -0.531971
v  -0.080246 1.644305 -0.602997
v  0.328489 0.827955 -0.162539
v  0.437572 0.962374 -0.153116
v  0.434092 0.743013 -0.039349
v  0.412306 1.137471 -0.287003
v  0.327917 1.000770 -0.307602
v  0.396338 1.304170 -0.312012
v  0.310402 1.135636 -0.357098
v  0.356258 1.430219 -0.409405
v  0.279163 1.335901 -0.396427
v  0.361618 1.609664 -0.467731
v  0.239330 1.491292 -0.418886
v  -0.539146 0.972503 -0.504110
v  -0.430977 0.938450 -0.430897
v  -0.470369 0.778318 -0.395987
v  -0.465366 1.221988 -0.470768
v  -0.372902 1.107329 -0.538916
v  -0.409647 1.373484 -0.400465
v  -0.404406 1.260689 -0.526703
v  -0.282906 1.502346 -0.424004
v  -0.303997 1.423790 -0.512939
v  -0.222919 1.638375 -0.421593
v  -0.134651 1.523043 -0.485266
v  0.375246 1.500364 -0.286432
v  0.459761 1.541819 -0.241899
v  0.498653 1.322658 -0.119081
v  0.485325 1.597364 -0.101610
v  0.478306 1.344615 0.031595
v  0.537132 1.152503 -0.044031
v  0.504477 1.132398 -0.214035
v  0.577105 0.947185 -0.198595
v  0.581818 0.951659 -0.017742
v  0.523235 0.682677 -0.201260
v  0.538904 0.707183 0.011877
v  0.368793 1.653908 0.026005
v  0.354885 1.374682 0.120914
v  0.452288 1.169704 0.077833
v  0.546600 0.984731 0.103537
v  0.566261 0.715386 0.156946
v  0.476320 0.979018 0.222836
v  0.478765 0.688193 0.359787
v  0.321877 1.684144 0.098179
v  0.314262 1.396850 0.181372
v  0.386705 1.189038 0.158276
v  0.267546 1.198859 0.241329
v  0.272436 0.660550 0.503641
v  0.055946 0.654175 0.509003
v  0.072590 1.031793 0.359150
v  0.081446 1.210719 0.284803
v  0.098944 1.420006 0.269073
v  0.099157 1.750101 0.198738
v  -0.311371 1.567079 -0.201326
v  -0.236319 1.523338 -0.255228
v  -0.308151 1.350197 -0.207909
v  -0.322561 1.344918 -0.073545
v  -0.318165 1.622636 -0.058952
v  -0.287113 1.370367 0.072895
v  -0.187447 1.675348 0.053764
v  -0.167131 1.394230 0.142471
v  -0.137390 1.701972 0.123493
v  -0.388283 1.178690 0.004669
v  -0.288877 1.186394 0.117094
v  -0.237955 1.192237 0.184059
v  -0.125557 1.413925 0.205639
v  -0.461660 0.982390 0.029745
v  -0.411669 1.007380 0.147568
v  -0.340721 1.012782 0.263794
v  -0.107103 1.213973 0.258755
v  -0.473795 0.984053 -0.150936
v  -0.460022 0.675144 -0.153105
v  -0.454033 0.687833 0.062677
v  -0.461983 0.693772 0.218424
v  -0.363976 0.690549 0.418322
v  -0.157829 0.674150 0.532213
v  -0.208061 1.869204 0.030029
v  -0.192509 1.925873 0.055212
v  -0.168377 1.936047 -0.106945
v  -0.149864 1.876332 0.223654
v  0.387083 1.883220 0.027653
v  0.396233 1.830986 -0.000788
v  0.349028 1.904705 -0.129923
v  0.374025 1.842386 0.199186
v  0.510277 1.834860 0.296556
v  0.369518 1.964098 0.349941
v  0.432365 1.715248 0.424538
v  0.519958 1.924517 0.115582
v  0.519444 1.850402 0.087450
v  0.474514 1.956743 -0.058289
v  0.261345 2.080564 0.008968
v  0.350273 1.934835 -0.220247
v  0.522715 1.860102 -0.112974
v  0.464758 1.817445 -0.296541
v  0.315123 1.840325 -0.373388
v  0.250397 1.785695 -0.439619
v  0.232475 1.894017 -0.381594
v  -0.267582 1.965943 0.390064
v  -0.417181 1.854010 0.323360
v  -0.393414 1.748384 0.481251
v  -0.378719 1.918870 0.139706
v  -0.437937 1.790012 0.079159
v  -0.329666 1.965336 -0.024521
v  -0.396992 1.860078 -0.100887
v  -0.208626 1.942917 -0.187654
v  -0.310949 1.874335 -0.244480
v  -0.162754 1.864411 -0.349640
v  -0.116749 1.804711 -0.446917
v  -0.079721 1.910490 -0.355026
v  -0.154276 2.047054 0.071064
v  0.386057 1.729781 0.334703
v  0.400686 1.635632 0.300575
v  0.396416 1.591519 0.484690
v  -0.165087 1.670015 0.314320
v  -0.140141 1.760757 0.353777
v  -0.100388 1.589747 0.449121
v  -0.069077 1.130888 -0.309484
v  -0.069210 1.305450 -0.311375
v  -0.070097 1.281357 -0.421915
v  -0.089415 1.456772 -0.366955
v  -0.090424 1.427961 -0.506756
v  -0.104286 1.464078 -0.453384
v  0.177818 1.294695 -0.323587
v  0.162647 1.120873 -0.321335
v  0.166418 1.271231 -0.433395
v  0.206247 1.444256 -0.381435
v  0.191261 1.416297 -0.520561
v  0.211802 1.464644 -0.405102
v  0.103725 1.898853 -0.696907
v  0.105211 1.928124 -0.692551
v  0.133408 1.898001 -0.698273
v  0.134892 1.927196 -0.693726
v  0.009850 1.932156 -0.687704
v  0.008411 1.902875 -0.692034
v  -0.019733 1.933753 -0.685888
v  -0.021221 1.904547 -0.690382
v  0.238665 1.914743 -0.271467
v  0.311535 1.780525 -0.432148
v  0.086849 1.981920 -0.245741
v  -0.175713 1.799732 -0.408220
v  -0.073017 1.930465 -0.259970
v  0.017843 -0.226511 0.328156
v  0.033005 -0.271887 0.582314
v  -0.190855 -0.212464 0.594925
v  -0.177441 -0.151977 0.335472
v  0.007488 0.170072 -0.268044
v  -0.155262 0.220037 -0.214760
v  0.035458 0.887647 -0.344179
v  -0.045486 1.286571 -0.282640
v  0.050566 1.211319 -0.313559
v  -0.312767 -0.137861 0.602701
v  -0.298069 -0.091504 0.365606
v  -0.216076 0.220990 -0.133793
v  -0.135099 1.317297 -0.235048
v  -0.171234 0.934768 -0.128613
v  -0.128904 1.287479 -0.154814
v  -0.111864 1.304814 -0.066736
v  -0.224373 0.262895 -0.025896
v  -0.186993 0.900793 -0.049852
v  -0.043716 1.312701 0.009548
v  -0.142082 0.859657 0.031710
v  0.010180 1.362990 0.054073
v  -0.239523 0.297588 0.064774
v  -0.188944 0.301256 0.151266
v  -0.073778 0.810410 0.084244
v  0.050884 0.796872 0.063898
v  0.080217 1.422957 0.085995
v  -0.309465 0.066042 0.425646
v  -0.241430 0.115097 0.472486
v  -0.116699 0.310439 0.211309
v  0.042513 0.314972 0.211502
v  -0.334278 -0.066021 0.629093
v  -0.337502 -0.013180 0.635145
v  -0.252731 0.041956 0.687187
v  -0.126282 0.140196 0.525480
v  0.059235 0.152695 0.550226
v  -0.137871 0.094544 0.765614
v  0.074444 0.106103 0.795120
v  0.252998 -0.258317 0.545408
v  0.215633 -0.185943 0.299461
v  0.362190 -0.204479 0.507015
v  0.329601 -0.135035 0.272409
v  0.330317 -0.033147 0.307360
v  0.379593 -0.127040 0.533060
v  0.352856 0.062030 0.306610
v  0.176754 0.223770 -0.245453
v  0.241806 0.240678 -0.187382
v  0.262238 0.286749 -0.084896
v  0.286224 0.338185 0.010567
v  0.248196 0.333667 0.124552
v  0.302877 0.137513 0.398293
v  0.341961 0.021366 0.640457
v  0.155268 1.277944 -0.292631
v  0.257515 1.300248 -0.254713
v  0.264734 0.918807 -0.151072
v  0.285412 0.888056 -0.074678
v  0.245510 0.853035 0.010799
v  0.254402 1.270855 -0.174049
v  0.244604 1.289906 -0.084427
v  0.183685 1.303509 -0.003654
v  0.139648 1.358461 0.042549
v  0.178181 0.808284 0.069555
v  0.190544 0.338590 0.193165
v  0.221134 0.158429 0.497101
v  0.270977 0.069980 0.745169
v  0.001163 -0.072242 -0.126526
v  0.004761 -0.221646 0.122765
v  -0.197145 -0.154879 0.141720
v  -0.174904 -0.004431 -0.086504
v  0.009731 0.345034 -0.372549
v  -0.157387 0.374544 -0.306477
v  0.026035 0.719420 -0.381895
v  -0.122988 0.723720 -0.342712
v  0.036995 0.931078 -0.350071
v  -0.321276 -0.056692 0.197807
v  -0.300674 0.060196 -0.022537
v  -0.232368 0.390832 -0.218136
v  -0.217007 0.748191 -0.269562
v  -0.101814 0.964909 -0.338120
v  0.045216 1.119246 -0.342009
v  0.051098 1.281002 -0.366262
v  -0.259804 0.450459 0.013599
v  -0.215391 0.745680 -0.132278
v  -0.210606 0.967329 -0.119152
v  -0.218235 0.988424 -0.243551
v  -0.174938 1.154707 -0.232695
v  0.051350 1.355465 -0.431324
v  -0.312176 0.229028 0.119299
v  -0.196510 0.461169 0.119562
v  -0.167072 0.728169 0.067837
v  -0.228472 0.740081 -0.041000
v  -0.178406 0.974081 -0.035986
v  -0.341505 0.051098 0.233915
v  -0.341339 0.129807 0.262272
v  -0.254509 0.207837 0.319782
v  -0.109766 0.469397 0.185152
v  -0.075901 0.708525 0.130754
v  -0.026028 1.177784 0.095840
v  -0.127756 0.967257 0.047405
v  -0.123413 1.164159 -0.029238
v  -0.114372 0.333986 0.249723
v  0.048897 0.363213 0.272522
v  0.041214 0.471981 0.182987
v  0.047951 0.700205 0.111631
v  -0.129244 0.295833 0.378372
v  0.060633 0.344840 0.399992
v  0.060524 0.971695 0.100496
v  0.069805 1.172929 0.118917
v  -0.042852 1.377030 0.088959
v  -0.073977 1.369931 0.054642
v  -0.185356 1.356726 -0.021187
v  -0.189411 1.162653 -0.099499
v  0.080742 1.380092 0.125671
v  -0.208351 1.338616 -0.141251
v  -0.194340 1.855910 -0.030443
v  -0.234913 1.813082 -0.095150
v  -0.296185 1.749172 -0.199272
v  -0.190247 1.340382 -0.252811
v  0.099514 1.933822 0.072950
v  0.097002 1.969936 -0.011047
v  -0.195940 1.889887 -0.107576
v  -0.203222 1.852420 -0.175371
v  -0.265160 1.786778 -0.292892
v  -0.248882 1.692790 -0.393229
v  -0.196442 1.715958 -0.492943
v  -0.237957 1.616675 -0.358772
v  0.087337 1.962523 -0.343039
v  -0.088987 1.681815 -0.592907
v  -0.164040 1.639513 -0.559486
v  0.083313 1.943420 -0.291761
v  -0.045521 1.911931 -0.330776
v  -0.144121 1.756911 -0.538080
v  -0.129181 1.730569 -0.608324
v  -0.112368 1.584905 -0.668962
v  0.082176 1.973952 -0.335842
v  -0.054058 1.945997 -0.375898
v  -0.139177 1.827027 -0.559498
v  -0.142183 1.766083 -0.636555
v  0.084349 2.018093 -0.331102
v  0.086338 2.083265 -0.347824
v  -0.017057 2.037740 -0.392315
v  -0.054966 1.988425 -0.461185
v  -0.102303 1.876889 -0.581276
v  -0.127777 1.880716 -0.749056
v  0.083569 2.132316 -0.448685
v  -0.003914 2.098227 -0.457535
v  -0.064425 2.050190 -0.495541
v  -0.102102 1.912984 -0.705839
v  -0.084839 2.001570 -0.793842
v  -0.097845 1.998122 -0.840191
v  0.079702 2.140465 -0.535477
v  0.009008 2.124242 -0.529083
v  -0.064922 2.088680 -0.627495
v  -0.096468 1.984699 -0.733500
v  -0.098845 2.059011 -0.709126
v  -0.024643 2.036317 -0.803890
v  -0.013584 2.122326 -0.615747
v  0.074387 2.137956 -0.642754
v  -0.022295 2.099852 -0.709852
v  0.063211 2.057831 -0.801542
v  0.060360 2.040991 -0.844862
v  0.059229 1.997633 -0.829536
v  -0.066837 1.963858 -0.828279
v  -0.076752 1.937491 -0.807558
v  0.069675 2.111102 -0.715746
v  0.064224 1.999154 -0.728245
v  -0.055250 1.911669 -0.717670
v  -0.073853 1.805093 -0.773952
v  -0.072580 1.744835 -0.744112
v  -0.008934 1.952029 -0.616631
v  -0.045218 1.820278 -0.695181
v  -0.020039 1.755074 -0.696854
v  -0.085133 1.493862 -0.636332
v  0.068573 1.986459 -0.627205
v  0.063431 1.828731 -0.593111
v  -0.004433 1.842377 -0.573593
v  0.053040 1.708055 -0.698044
v  0.043188 1.495390 -0.724489
v  -0.036392 1.608300 -0.748642
v  0.039106 1.446000 -0.765581
v  0.041649 1.435217 -0.702730
v  0.044006 1.423613 -0.651222
v  0.047152 1.565923 -0.692640
v  0.052727 1.640838 -0.645407
v  0.050804 1.407347 -0.491257
v  0.210186 -0.187363 0.112326
v  0.182671 0.361701 -0.331875
v  0.312840 0.063677 -0.105640
v  0.334257 -0.093819 0.097160
v  0.316212 0.483322 -0.043522
v  0.349693 0.275083 0.055546
v  0.264046 0.486771 0.086655
v  0.311703 0.236604 0.248886
v  0.177925 0.715753 -0.360075
v  0.264475 0.390372 -0.264746
v  0.292311 0.750693 -0.165302
v  0.312893 0.742285 -0.077879
v  0.260118 0.725164 0.040909
v  0.178301 0.953585 -0.352146
v  0.280815 0.746563 -0.299644
v  0.307274 0.946441 -0.145212
v  0.284138 0.954786 -0.059549
v  0.241550 0.951339 0.028683
v  0.304325 0.966772 -0.270508
v  0.309570 1.141910 -0.122129
v  0.246058 1.149277 -0.047142
v  0.163677 1.167757 0.094566
v  0.283445 1.136521 -0.257973
v  0.339211 1.316152 -0.168423
v  0.332079 1.335367 -0.046881
v  0.223112 1.359750 0.028862
v  0.309719 1.319930 -0.277868
v  0.388668 1.668504 -0.428854
v  0.452366 1.725046 -0.238249
v  0.405142 1.790802 -0.127850
v  0.372795 1.593227 -0.390072
v  0.276306 1.620203 -0.581278
v  0.321020 1.698707 -0.514830
v  0.201847 1.669401 -0.607624
v  0.412663 1.764227 -0.327707
v  0.208958 1.495569 -0.642744
v  0.244392 1.714615 -0.627243
v  0.268631 1.751795 -0.547981
v  0.205172 1.909706 -0.347313
v  0.178864 1.452942 -0.625139
v  0.257557 1.749012 -0.656796
v  0.267313 1.809668 -0.580084
v  0.208862 1.931762 -0.370087
v  0.128218 1.601269 -0.756990
v  0.129707 1.748751 -0.704620
v  0.176331 1.734204 -0.756714
v  0.133755 1.836169 -0.580883
v  0.160473 1.811589 -0.705730
v  0.179911 1.794256 -0.786808
v  0.242321 1.864909 -0.767799
v  0.143456 1.945457 -0.624187
v  0.176104 1.901978 -0.729340
v  0.191008 1.926056 -0.821114
v  0.213968 1.984807 -0.856003
v  0.131744 1.950271 -0.753258
v  0.181469 1.953254 -0.840862
v  0.148169 2.028936 -0.812635
v  0.205881 1.989153 -0.808571
v  0.160458 2.092048 -0.719126
v  0.232912 2.044843 -0.725933
v  0.221764 1.971108 -0.749607
v  0.223822 1.899064 -0.722343
v  0.232946 1.862572 -0.598246
v  0.162899 2.114790 -0.624722
v  0.209700 2.076952 -0.641394
v  0.218664 2.038099 -0.509884
v  0.207275 1.977225 -0.474461
v  0.149029 2.118262 -0.536198
v  0.166534 2.090946 -0.466171
v  0.180618 2.029299 -0.402321
v  0.364227 1.832016 -0.201736
v  0.371964 1.866372 -0.135418
v  0.374725 1.832348 -0.058344
v  0.198137 1.368052 0.070292
v  0.172903 0.703691 0.120193
v  0.187382 0.488243 0.170612
v  0.195948 0.359206 0.242191
v  0.227013 0.332779 0.351673
v  -0.118256 1.702143 -0.744884
v  -0.102509 1.807968 -0.783098
v  0.437572 0.962374 -0.153116
v  0.328489 0.827955 -0.162539
v  0.328489 0.827955 -0.162539
v  0.437572 0.962374 -0.153116
v  0.412306 1.137471 -0.287003
v  0.327917 1.000770 -0.307602
v  0.327917 1.000770 -0.307602
v  0.412306 1.137471 -0.287003
v  0.396338 1.304170 -0.312012
v  0.310402 1.135636 -0.357098
v  0.310402 1.135636 -0.357098
v  0.396338 1.304170 -0.312012
v  0.356258 1.430219 -0.409405
v  0.279163 1.335901 -0.396427
v  0.279163 1.335901 -0.396427
v  0.356258 1.430219 -0.409405
v  0.279163 1.335901 -0.396427
v  0.361618 1.609664 -0.467731
v  -0.430977 0.938450 -0.430897
v  -0.539146 0.972503 -0.504110
v  -0.539146 0.972503 -0.504110
v  -0.430977 0.938450 -0.430897
v  -0.372902 1.107329 -0.538916
v  -0.465366 1.221988 -0.470768
v  -0.465366 1.221988 -0.470768
v  -0.372902 1.107329 -0.538916
v  -0.404406 1.260689 -0.526703
v  -0.409647 1.373484 -0.400465
v  -0.409647 1.373484 -0.400465
v  -0.404406 1.260689 -0.526703
v  -0.303997 1.423790 -0.512939
v  -0.282906 1.502346 -0.424004
v  -0.282906 1.502346 -0.424004
v  -0.303997 1.423790 -0.512939
v  -0.222919 1.638375 -0.421593
v  -0.303997 1.423790 -0.512939
v  0.498653 1.322658 -0.119081
v  0.459761 1.541819 -0.241899
v  0.459761 1.541819 -0.241899
v  0.498653 1.322658 -0.119081
v  0.498653 1.322658 -0.119081
v  0.478306 1.344615 0.031595
v  0.485325 1.597364 -0.101610
v  0.478306 1.344615 0.031595
v  0.478306 1.344615 0.031595
v  0.354885 1.374682 0.120914
v  0.368793 1.653908 0.026005
v  0.354885 1.374682 0.120914
v  0.354885 1.374682 0.120914
v  0.314262 1.396850 0.181372
v  0.321877 1.684144 0.098179
v  0.314262 1.396850 0.181372
v  0.321877 1.684144 0.098179
v  0.098944 1.420006 0.269073
v  0.478306 1.344615 0.031595
v  0.498653 1.322658 -0.119081
v  0.537132 1.152503 -0.044031
v  0.452288 1.169704 0.077833
v  0.354885 1.374682 0.120914
v  0.478306 1.344615 0.031595
v  0.452288 1.169704 0.077833
v  0.386705 1.189038 0.158276
v  0.314262 1.396850 0.181372
v  0.354885 1.374682 0.120914
v  0.386705 1.189038 0.158276
v  0.267546 1.198859 0.241329
v  0.314262 1.396850 0.181372
v  0.267546 1.198859 0.241329
v  0.098944 1.420006 0.269073
v  0.314262 1.396850 0.181372
v  0.504477 1.132398 -0.214035
v  0.537132 1.152503 -0.044031
v  0.537132 1.152503 -0.044031
v  0.504477 1.132398 -0.214035
v  0.577105 0.947185 -0.198595
v  0.581818 0.951659 -0.017742
v  0.452288 1.169704 0.077833
v  0.537132 1.152503 -0.044031
v  0.581818 0.951659 -0.017742
v  0.546600 0.984731 0.103537
v  0.386705 1.189038 0.158276
v  0.452288 1.169704 0.077833
v  0.546600 0.984731 0.103537
v  0.476320 0.979018 0.222836
v  0.267546 1.198859 0.241329
v  0.386705 1.189038 0.158276
v  0.581818 0.951659 -0.017742
v  0.577105 0.947185 -0.198595
v  0.538904 0.707183 0.011877
v  0.581818 0.951659 -0.017742
v  0.546600 0.984731 0.103537
v  0.581818 0.951659 -0.017742
v  0.566261 0.715386 0.156946
v  0.546600 0.984731 0.103537
v  0.476320 0.979018 0.222836
v  0.546600 0.984731 0.103537
v  0.478765 0.688193 0.359787
v  0.476320 0.979018 0.222836
v  0.267546 1.198859 0.241329
v  0.476320 0.979018 0.222836
v  0.272436 0.660550 0.503641
v  0.267546 1.198859 0.241329
v  0.267546 1.198859 0.241329
v  0.272436 0.660550 0.503641
v  0.072590 1.031793 0.359150
v  0.267546 1.198859 0.241329
v  0.081446 1.210719 0.284803
v  0.267546 1.198859 0.241329
v  -0.311371 1.567079 -0.201326
v  -0.308151 1.350197 -0.207909
v  -0.322561 1.344918 -0.073545
v  -0.308151 1.350197 -0.207909
v  -0.308151 1.350197 -0.207909
v  -0.322561 1.344918 -0.073545
v  -0.322561 1.344918 -0.073545
v  -0.287113 1.370367 0.072895
v  -0.288877 1.186394 0.117094
v  -0.388283 1.178690 0.004669
v  -0.388283 1.178690 0.004669
v  -0.288877 1.186394 0.117094
v  -0.461660 0.982390 0.029745
v  -0.473795 0.984053 -0.150936
v  -0.473795 0.984053 -0.150936
v  -0.461660 0.982390 0.029745
v  -0.318165 1.622636 -0.058952
v  -0.322561 1.344918 -0.073545
v  -0.287113 1.370367 0.072895
v  -0.322561 1.344918 -0.073545
v  -0.187447 1.675348 0.053764
v  -0.287113 1.370367 0.072895
v  -0.167131 1.394230 0.142471
v  -0.287113 1.370367 0.072895
v  -0.287113 1.370367 0.072895
v  -0.167131 1.394230 0.142471
v  -0.237955 1.192237 0.184059
v  -0.288877 1.186394 0.117094
v  -0.288877 1.186394 0.117094
v  -0.237955 1.192237 0.184059
v  -0.411669 1.007380 0.147568
v  -0.461660 0.982390 0.029745
v  -0.461660 0.982390 0.029745
v  -0.411669 1.007380 0.147568
v  -0.460022 0.675144 -0.153105
v  -0.461660 0.982390 0.029745
v  -0.137390 1.701972 0.123493
v  -0.167131 1.394230 0.142471
v  -0.125557 1.413925 0.205639
v  -0.167131 1.394230 0.142471
v  -0.167131 1.394230 0.142471
v  -0.125557 1.413925 0.205639
v  -0.107103 1.213973 0.258755
v  -0.237955 1.192237 0.184059
v  -0.237955 1.192237 0.184059
v  -0.107103 1.213973 0.258755
v  -0.340721 1.012782 0.263794
v  -0.411669 1.007380 0.147568
v  -0.411669 1.007380 0.147568
v  -0.340721 1.012782 0.263794
v  -0.454033 0.687833 0.062677
v  -0.411669 1.007380 0.147568
v  -0.125557 1.413925 0.205639
v  -0.137390 1.701972 0.123493
v  0.098944 1.420006 0.269073
v  0.081446 1.210719 0.284803
v  -0.107103 1.213973 0.258755
v  -0.125557 1.413925 0.205639
v  0.081446 1.210719 0.284803
v  0.072590 1.031793 0.359150
v  0.072590 1.031793 0.359150
v  0.055946 0.654175 0.509003
v  -0.157829 0.674150 0.532213
v  -0.107103 1.213973 0.258755
v  -0.363976 0.690549 0.418322
v  -0.107103 1.213973 0.258755
v  -0.340721 1.012782 0.263794
v  -0.107103 1.213973 0.258755
v  -0.461983 0.693772 0.218424
v  -0.340721 1.012782 0.263794
v  0.099157 1.750101 0.198738
v  0.098944 1.420006 0.269073
v  -0.192509 1.925873 0.055212
v  -0.208061 1.869204 0.030029
v  -0.208061 1.869204 0.030029
v  -0.192509 1.925873 0.055212
v  0.396233 1.830986 -0.000788
v  0.387083 1.883220 0.027653
v  0.387083 1.883220 0.027653
v  0.396233 1.830986 -0.000788
v  0.369518 1.964098 0.349941
v  0.510277 1.834860 0.296556
v  0.510277 1.834860 0.296556
v  0.369518 1.964098 0.349941
v  0.519958 1.924517 0.115582
v  0.519444 1.850402 0.087450
v  0.519444 1.850402 0.087450
v  0.519958 1.924517 0.115582
v  0.474514 1.956743 -0.058289
v  0.522715 1.860102 -0.112974
v  0.522715 1.860102 -0.112974
v  0.474514 1.956743 -0.058289
v  0.350273 1.934835 -0.220247
v  0.464758 1.817445 -0.296541
v  0.464758 1.817445 -0.296541
v  0.350273 1.934835 -0.220247
v  0.315123 1.840325 -0.373388
v  0.250397 1.785695 -0.439619
v  0.250397 1.785695 -0.439619
v  0.315123 1.840325 -0.373388
v  0.261345 2.080564 0.008968
v  0.474514 1.956743 -0.058289
v  0.474514 1.956743 -0.058289
v  0.261345 2.080564 0.008968
v  -0.417181 1.854010 0.323360
v  -0.267582 1.965943 0.390064
v  -0.267582 1.965943 0.390064
v  -0.417181 1.854010 0.323360
v  -0.437937 1.790012 0.079159
v  -0.378719 1.918870 0.139706
v  -0.378719 1.918870 0.139706
v  -0.437937 1.790012 0.079159
v  -0.329666 1.965336 -0.024521
v  -0.154276 2.047054 0.071064
v  -0.154276 2.047054 0.071064
v  -0.329666 1.965336 -0.024521
v  -0.329666 1.965336 -0.024521
v  -0.396992 1.860078 -0.100887
v  -0.310949 1.874335 -0.244480
v  -0.208626 1.942917 -0.187654
v  -0.208626 1.942917 -0.187654
v  -0.310949 1.874335 -0.244480
v  -0.396992 1.860078 -0.100887
v  -0.329666 1.965336 -0.024521
v  -0.116749 1.804711 -0.446917
v  -0.162754 1.864411 -0.349640
v  -0.162754 1.864411 -0.349640
v  -0.116749 1.804711 -0.446917
v  0.400686 1.635632 0.300575
v  0.386057 1.729781 0.334703
v  0.386057 1.729781 0.334703
v  0.400686 1.635632 0.300575
v  -0.140141 1.760757 0.353777
v  -0.165087 1.670015 0.314320
v  -0.165087 1.670015 0.314320
v  -0.140141 1.760757 0.353777
v  -0.070097 1.281357 -0.421915
v  -0.069210 1.305450 -0.311375
v  -0.069210 1.305450 -0.311375
v  -0.070097 1.281357 -0.421915
v  -0.090424 1.427961 -0.506756
v  -0.089415 1.456772 -0.366955
v  -0.089415 1.456772 -0.366955
v  -0.090424 1.427961 -0.506756
v  -0.104286 1.464078 -0.453384
v  -0.090424 1.427961 -0.506756
v  0.177818 1.294695 -0.323587
v  0.166418 1.271231 -0.433395
v  0.206247 1.444256 -0.381435
v  0.166418 1.271231 -0.433395
v  0.166418 1.271231 -0.433395
v  0.206247 1.444256 -0.381435
v  0.211802 1.464644 -0.405102
v  0.191261 1.416297 -0.520561
v  0.191261 1.416297 -0.520561
v  0.211802 1.464644 -0.405102
v  0.238665 1.914743 -0.271467
v  0.349028 1.904705 -0.129923
v  0.349028 1.904705 -0.129923
v  0.238665 1.914743 -0.271467
v  -0.168377 1.936047 -0.106945
v  -0.073017 1.930465 -0.259970
v  -0.073017 1.930465 -0.259970
v  -0.168377 1.936047 -0.106945
v  0.033005 -0.271887 0.582314
v  0.017843 -0.226511 0.328156
v  -0.177441 -0.151977 0.335472
v  -0.190855 -0.212464 0.594925
v  -0.190855 -0.212464 0.594925
v  -0.177441 -0.151977 0.335472
v  -0.298069 -0.091504 0.365606
v  -0.312767 -0.137861 0.602701
v  -0.312767 -0.137861 0.602701
v  -0.298069 -0.091504 0.365606
v  -0.224373 0.262895 -0.025896
v  -0.239523 0.297588 0.064774
v  -0.309465 0.066042 0.425646
v  -0.312767 -0.137861 0.602701
v  -0.312767 -0.137861 0.602701
v  -0.309465 0.066042 0.425646
v  0.017843 -0.226511 0.328156
v  0.007488 0.170072 -0.268044
v  -0.155262 0.220037 -0.214760
v  -0.177441 -0.151977 0.335472
v  -0.177441 -0.151977 0.335472
v  -0.155262 0.220037 -0.214760
v  -0.216076 0.220990 -0.133793
v  -0.298069 -0.091504 0.365606
v  -0.216076 0.220990 -0.133793
v  -0.224373 0.262895 -0.025896
v  -0.224373 0.262895 -0.025896
v  -0.216076 0.220990 -0.133793
v  -0.171234 0.934768 -0.128613
v  -0.186993 0.900793 -0.049852
v  -0.239523 0.297588 0.064774
v  -0.224373 0.262895 -0.025896
v  -0.186993 0.900793 -0.049852
v  -0.142082 0.859657 0.031710
v  -0.188944 0.301256 0.151266
v  -0.239523 0.297588 0.064774
v  -0.239523 0.297588 0.064774
v  -0.188944 0.301256 0.151266
v  0.007488 0.170072 -0.268044
v  0.035458 0.887647 -0.344179
v  -0.045486 1.286571 -0.282640
v  -0.155262 0.220037 -0.214760
v  -0.155262 0.220037 -0.214760
v  -0.045486 1.286571 -0.282640
v  -0.135099 1.317297 -0.235048
v  -0.216076 0.220990 -0.133793
v  -0.135099 1.317297 -0.235048
v  -0.171234 0.934768 -0.128613
v  -0.142082 0.859657 0.031710
v  -0.073778 0.810410 0.084244
v  -0.116699 0.310439 0.211309
v  -0.188944 0.301256 0.151266
v  -0.188944 0.301256 0.151266
v  -0.116699 0.310439 0.211309
v  -0.241430 0.115097 0.472486
v  -0.309465 0.066042 0.425646
v  -0.309465 0.066042 0.425646
v  -0.241430 0.115097 0.472486
v  -0.334278 -0.066021 0.629093
v  -0.309465 0.066042 0.425646
v  -0.116699 0.310439 0.211309
v  -0.073778 0.810410 0.084244
v  0.042513 0.314972 0.211502
v  0.059235 0.152695 0.550226
v  -0.126282 0.140196 0.525480
v  -0.116699 0.310439 0.211309
v  -0.126282 0.140196 0.525480
v  -0.241430 0.115097 0.472486
v  -0.241430 0.115097 0.472486
v  -0.126282 0.140196 0.525480
v  -0.337502 -0.013180 0.635145
v  -0.241430 0.115097 0.472486
v  0.050884 0.796872 0.063898
v  0.042513 0.314972 0.211502
v  -0.252731 0.041956 0.687187
v  -0.126282 0.140196 0.525480
v  -0.137871 0.094544 0.765614
v  -0.126282 0.140196 0.525480
v  0.059235 0.152695 0.550226
v  0.074444 0.106103 0.795120
v  0.017843 -0.226511 0.328156
v  0.033005 -0.271887 0.582314
v  0.252998 -0.258317 0.545408
v  0.215633 -0.185943 0.299461
v  0.007488 0.170072 -0.268044
v  0.017843 -0.226511 0.328156
v  0.215633 -0.185943 0.299461
v  0.176754 0.223770 -0.245453
v  0.035458 0.887647 -0.344179
v  0.007488 0.170072 -0.268044
v  0.176754 0.223770 -0.245453
v  0.155268 1.277944 -0.292631
v  0.155268 1.277944 -0.292631
v  0.176754 0.223770 -0.245453
v  0.241806 0.240678 -0.187382
v  0.257515 1.300248 -0.254713
v  0.215633 -0.185943 0.299461
v  0.252998 -0.258317 0.545408
v  0.362190 -0.204479 0.507015
v  0.329601 -0.135035 0.272409
v  0.176754 0.223770 -0.245453
v  0.215633 -0.185943 0.299461
v  0.329601 -0.135035 0.272409
v  0.241806 0.240678 -0.187382
v  0.262238 0.286749 -0.084896
v  0.241806 0.240678 -0.187382
v  0.241806 0.240678 -0.187382
v  0.262238 0.286749 -0.084896
v  0.264734 0.918807 -0.151072
v  0.257515 1.300248 -0.254713
v  0.330317 -0.033147 0.307360
v  0.329601 -0.135035 0.272409
v  0.329601 -0.135035 0.272409
v  0.330317 -0.033147 0.307360
v  0.286224 0.338185 0.010567
v  0.262238 0.286749 -0.084896
v  0.262238 0.286749 -0.084896
v  0.286224 0.338185 0.010567
v  0.285412 0.888056 -0.074678
v  0.264734 0.918807 -0.151072
v  0.379593 -0.127040 0.533060
v  0.330317 -0.033147 0.307360
v  0.352856 0.062030 0.306610
v  0.330317 -0.033147 0.307360
v  0.330317 -0.033147 0.307360
v  0.352856 0.062030 0.306610
v  0.248196 0.333667 0.124552
v  0.286224 0.338185 0.010567
v  0.286224 0.338185 0.010567
v  0.248196 0.333667 0.124552
v  0.245510 0.853035 0.010799
v  0.285412 0.888056 -0.074678
v  0.352856 0.062030 0.306610
v  0.302877 0.137513 0.398293
v  0.190544 0.338590 0.193165
v  0.248196 0.333667 0.124552
v  0.248196 0.333667 0.124552
v  0.190544 0.338590 0.193165
v  0.178181 0.808284 0.069555
v  0.245510 0.853035 0.010799
v  0.341961 0.021366 0.640457
v  0.302877 0.137513 0.398293
v  0.221134 0.158429 0.497101
v  0.302877 0.137513 0.398293
v  0.302877 0.137513 0.398293
v  0.221134 0.158429 0.497101
v  0.190544 0.338590 0.193165
v  0.221134 0.158429 0.497101
v  0.059235 0.152695 0.550226
v  0.042513 0.314972 0.211502
v  0.178181 0.808284 0.069555
v  0.190544 0.338590 0.193165
v  0.042513 0.314972 0.211502
v  0.050884 0.796872 0.063898
v  0.270977 0.069980 0.745169
v  0.221134 0.158429 0.497101
v  0.221134 0.158429 0.497101
v  0.270977 0.069980 0.745169
v  0.074444 0.106103 0.795120
v  0.059235 0.152695 0.550226
v  -0.069077 1.130888 -0.309484
v  -0.069210 1.305450 -0.311375
v  -0.137390 1.701972 0.123493
v  -0.187447 1.675348 0.053764
v  -0.187447 1.675348 0.053764
v  -0.318165 1.622636 -0.058952
v  0.099157 1.750101 0.198738
v  -0.137390 1.701972 0.123493
v  -0.318165 1.622636 -0.058952
v  -0.311371 1.567079 -0.201326
v  -0.311371 1.567079 -0.201326
v  -0.236319 1.523338 -0.255228
v  -0.069210 1.305450 -0.311375
v  -0.089415 1.456772 -0.366955
v  -0.073017 1.930465 -0.259970
v  0.086849 1.981920 -0.245741
v  -0.175713 1.799732 -0.408220
v  -0.073017 1.930465 -0.259970
v  -0.079721 1.910490 -0.355026
v  -0.116749 1.804711 -0.446917
v  -0.222919 1.638375 -0.421593
v  -0.134651 1.523043 -0.485266
v  -0.102509 1.807968 -0.783098
v  -0.115749 1.728308 -0.712065
v  -0.102509 1.807968 -0.783098
v  -0.118256 1.702143 -0.744884
v  -0.115749 1.728308 -0.712065
v  -0.118256 1.702143 -0.744884
v  -0.118256 1.702143 -0.744884
v  -0.102509 1.807968 -0.783098
v  -0.094252 1.616791 -0.753105
v  -0.118256 1.702143 -0.744884
v  -0.118256 1.702143 -0.744884
v  -0.094252 1.616791 -0.753105
v  -0.077847 1.490026 -0.741657
v  -0.094252 1.616791 -0.753105
v  -0.094252 1.616791 -0.753105
v  -0.077847 1.490026 -0.741657
v  -0.104286 1.464078 -0.453384
v  -0.134651 1.523043 -0.485266
v  -0.089415 1.456772 -0.366955
v  -0.104286 1.464078 -0.453384
v  0.177818 1.294695 -0.323587
v  0.162647 1.120873 -0.321335
v  0.206247 1.444256 -0.381435
v  0.177818 1.294695 -0.323587
v  0.459761 1.541819 -0.241899
v  0.485325 1.597364 -0.101610
v  0.485325 1.597364 -0.101610
v  0.368793 1.653908 0.026005
v  0.211802 1.464644 -0.405102
v  0.206247 1.444256 -0.381435
v  0.375246 1.500364 -0.286432
v  0.459761 1.541819 -0.241899
v  0.239330 1.491292 -0.418886
v  0.211802 1.464644 -0.405102
v  0.239330 1.491292 -0.418886
v  0.361618 1.609664 -0.467731
v  0.250397 1.785695 -0.439619
v  0.232475 1.894017 -0.381594
v  0.185860 1.604828 -0.767279
v  0.217865 1.687789 -0.761911
v  0.161127 1.480004 -0.753531
v  0.185860 1.604828 -0.767279
v  0.185860 1.604828 -0.767279
v  0.161127 1.480004 -0.753531
v  0.217865 1.687789 -0.761911
v  0.185860 1.604828 -0.767279
v  0.207731 1.794718 -0.798811
v  0.217865 1.687789 -0.761911
v  0.217865 1.687789 -0.761911
v  0.207731 1.794718 -0.798811
v  0.238665 1.914743 -0.271467
v  0.311535 1.780525 -0.432148
v  0.086849 1.981920 -0.245741
v  0.238665 1.914743 -0.271467
v  0.368793 1.653908 0.026005
v  0.321877 1.684144 0.098179
v  0.321877 1.684144 0.098179
v  0.099157 1.750101 0.198738
# 933 vertices

vn 0.984414 -0.169501 -0.046893
vn -0.282211 -0.324202 -0.902912
vn -0.979904 -0.156676 -0.123455
vn 0.294549 -0.577802 -0.761174
vn -0.454535 -0.254617 -0.853562
vn 1.000000 0.000000 -0.000000
vn -0.293156 -0.399266 -0.868704
vn 0.995634 -0.093341 -0.000000
vn 0.846204 -0.337201 -0.412593
vn 0.397382 -0.297536 -0.868078
vn -0.474150 -0.595524 -0.648486
vn 0.000000 1.000000 -0.000000
vn -0.989268 0.114372 -0.090925
vn -0.063160 -0.596620 -0.800034
vn 0.330507 -0.867999 0.370598
vn 0.011619 -0.735709 -0.677198
vn -0.814214 -0.577908 -0.055478
vn 0.560255 -0.403968 -0.723135
vn 0.580265 -0.422072 -0.696525
vn -1.000000 0.000000 -0.000000
vn 0.476418 -0.163939 -0.863800
vn 0.739107 -0.371611 -0.561806
vn 0.752842 -0.217705 -0.621155
vn 0.707571 -0.177836 -0.683899
vn 0.192506 -0.286492 -0.938543
vn 0.036653 -0.201792 -0.978742
vn 0.746962 -0.407651 -0.525232
vn 0.465061 -0.694972 -0.548390
vn -0.547155 0.392193 0.739463
vn -0.592777 0.433471 0.678762
vn -0.774677 0.405054 0.485599
vn -0.386589 0.100505 0.916759
vn -0.694325 0.166754 0.700076
vn -0.762130 0.226342 0.606570
vn -0.059269 0.183458 0.981239
vn -0.220332 0.307469 0.925698
vn 0.199861 0.190157 0.961195
vn 0.525445 -0.136496 -0.839807
vn 0.504916 -0.200944 -0.839453
vn 0.707107 0.707107 -0.000000
vn -0.286003 0.308550 -0.907193
vn -0.631252 -0.049017 -0.774027
vn -0.765743 0.463470 -0.445908
vn -0.998399 -0.055916 0.008508
vn -0.890892 0.423903 -0.163152
vn -0.742071 0.529243 -0.411378
vn -0.837684 -0.221761 -0.499106
vn -0.566321 -0.536509 -0.625651
vn -0.469431 0.296777 0.831600
vn -0.548785 0.050776 0.834420
vn 0.719313 0.181536 0.670547
vn 0.098569 -0.448494 0.888334
vn 0.966407 0.210290 -0.147771
vn 0.655132 -0.549666 0.518333
vn 0.810051 -0.521333 0.268382
vn 0.905043 -0.401589 0.140086
vn 0.099661 -0.421370 0.901396
vn 0.581066 -0.501079 -0.641312
vn 0.868595 -0.193075 -0.456359
vn 0.995420 0.089293 -0.034157
vn 0.921990 0.224901 0.315203
vn 0.836463 0.180628 0.517401
vn 0.950612 0.206381 0.231826
vn 0.942442 0.258862 -0.211645
vn 0.998403 -0.050783 -0.024762
vn 0.994798 0.032815 0.096435
vn 0.982540 -0.178729 -0.051682
vn 0.833869 0.179692 0.521894
vn 0.757743 0.191567 0.623801
vn 0.794483 0.267840 0.545031
vn 0.915977 0.264664 0.301560
vn 0.981735 0.034563 -0.187090
vn 0.705068 0.343667 0.620300
vn 0.889434 0.200824 0.410581
vn 0.576197 0.307109 0.757417
vn 0.618655 0.193181 0.761542
vn 0.665174 0.321511 0.673924
vn 0.376924 0.299553 0.876468
vn 0.225813 0.428391 0.874923
vn -0.137495 0.370582 0.918566
vn 0.032194 0.369594 0.928636
vn -0.011862 0.323802 0.946050
vn 0.067646 0.111939 0.991410
vn -0.073562 0.473349 0.877798
vn -0.561025 0.326685 0.760610
vn -0.977530 -0.060276 0.201995
vn -0.990969 -0.039940 -0.128002
vn -0.767408 -0.282125 -0.575752
vn -0.606685 -0.228573 -0.761372
vn -0.855183 -0.128116 -0.502243
vn -0.844310 -0.128281 -0.520274
vn -0.388198 -0.246826 -0.887907
vn -0.449533 -0.185876 -0.873711
vn -0.961687 -0.258164 -0.092246
vn -0.822212 -0.027977 -0.568493
vn -0.601016 -0.119503 -0.790253
vn -0.779071 -0.249304 -0.575235
vn -0.844167 -0.241059 -0.478824
vn -0.574421 -0.110095 -0.811122
vn -0.235262 -0.230427 -0.944222
vn -0.380423 -0.037645 -0.924046
vn -0.970681 -0.130465 0.201885
vn -0.914979 -0.340781 0.216058
vn -0.976516 -0.213241 0.030723
vn -0.810864 -0.249688 -0.529298
vn -0.876281 -0.464547 -0.127778
vn -0.742682 -0.447852 -0.497848
vn -0.753082 -0.464553 -0.465894
vn -0.535654 -0.448502 -0.715487
vn -0.979718 0.199320 0.020601
vn -0.982540 0.178729 0.051682
vn -0.942528 0.128054 -0.308614
vn -0.981735 -0.034563 0.187090
vn -0.846768 -0.162268 -0.506609
vn -0.889434 -0.200824 -0.410582
vn -0.889434 -0.200824 -0.410581
vn -0.469986 -0.379279 -0.797032
vn -0.492634 -0.384819 -0.780530
vn -0.009362 -0.438098 -0.898878
vn -0.248307 -0.347828 -0.904079
vn -0.233835 -0.363179 -0.901899
vn -0.889620 -0.127424 -0.438566
vn -0.726312 -0.446757 -0.522378
vn -0.966014 0.080292 -0.245703
vn -0.978202 0.205193 0.031888
vn -0.966467 0.171943 0.190730
vn -0.764226 0.226431 0.603894
vn -0.758566 0.237867 0.606628
vn -0.728259 0.245859 0.639681
vn -0.602023 0.315819 0.733367
vn -0.728412 0.281169 0.624788
vn -0.732088 0.379787 0.565517
vn -0.619169 0.449961 0.643556
vn -0.596357 0.253410 0.761670
vn -0.965831 0.181623 0.184889
vn -0.862160 0.372859 0.343011
vn -0.641991 0.434111 0.631977
vn -0.324526 0.327331 0.887433
vn -0.992063 0.106025 0.067603
vn -0.999321 -0.022627 0.029067
vn -0.987726 0.145819 -0.055977
vn -0.863481 0.267402 0.427665
vn -0.406283 0.443014 0.799170
vn 0.137358 0.437312 0.888758
vn 0.577006 -0.016217 0.816579
vn 0.994184 0.011509 0.107075
vn 0.939800 -0.330249 0.087815
vn 0.895392 -0.421526 -0.143487
vn 0.744682 -0.162653 -0.647296
vn 0.714788 -0.344907 -0.608373
vn 0.931874 -0.356753 -0.065868
vn 0.996773 0.044909 -0.066530
vn 0.998315 -0.018690 0.054932
vn 0.972047 -0.003052 -0.234768
vn 0.688835 -0.267375 -0.673808
vn 0.521802 -0.222187 -0.823624
vn 0.521149 -0.204092 -0.828704
vn 0.753292 -0.375319 -0.540080
vn 0.686466 -0.551537 -0.473888
vn 0.788636 -0.577075 -0.212221
vn 0.921864 -0.019399 -0.387028
vn 0.999321 0.022627 -0.029067
vn 0.827157 -0.113876 -0.550312
vn 0.845817 -0.113883 -0.521176
vn 0.823484 -0.376174 -0.424696
vn 0.509924 -0.176584 -0.841900
vn 0.476648 -0.570231 -0.669061
vn 0.705208 -0.583069 -0.403376
vn 0.832400 -0.245770 -0.496696
vn 0.987726 -0.145819 0.055977
vn 0.269366 -0.253861 -0.928976
vn 0.273065 -0.094782 -0.957315
vn 0.128610 -0.243502 -0.961336
vn 0.119708 -0.385996 -0.914701
vn 0.137495 -0.370582 -0.918566
vn -0.137358 -0.437312 -0.888758
vn 0.406283 -0.443014 -0.799170
vn 0.348530 -0.425621 -0.835089
vn 0.863481 -0.267402 -0.427665
vn 0.333325 -0.196686 -0.922068
vn -0.968548 0.243882 0.049360
vn -0.969808 0.215096 0.114914
vn 0.412241 -0.864217 0.288419
vn 0.000000 -1.000000 -0.000000
vn 0.942315 -0.312230 0.120643
vn 0.950138 -0.136082 -0.280570
vn 0.983287 0.181299 -0.016647
vn 0.974614 0.211190 -0.074335
vn -0.473348 -0.824293 0.310615
vn -0.943845 -0.269435 0.191208
vn -0.987782 -0.116927 -0.103028
vn 0.671524 0.508913 0.538575
vn 0.670873 0.507204 0.540994
vn 0.995053 0.029137 -0.094982
vn 0.994450 0.031225 -0.100470
vn 0.634551 0.740800 -0.220365
vn 0.439177 0.872473 -0.214278
vn 0.476233 0.756149 -0.448823
vn 0.790220 0.548637 -0.273039
vn 0.478016 0.756389 -0.446516
vn 0.440901 0.431661 -0.786940
vn 0.741759 0.509691 -0.435900
vn 0.069356 0.748239 -0.659794
vn -0.603836 -0.364932 -0.708665
vn -0.702386 -0.622155 -0.345800
vn -0.998851 0.022914 -0.042084
vn -0.967801 -0.083419 0.237494
vn -0.902190 -0.429874 -0.035531
vn -0.593681 -0.599720 0.536544
vn -0.547056 -0.760654 0.349479
vn -0.393689 -0.739141 0.546516
vn -0.466132 -0.402733 0.787736
vn -0.392071 -0.483950 0.782350
vn -0.508370 -0.860726 -0.026654
vn -0.365369 -0.843210 0.394339
vn -0.654826 0.685451 0.318371
vn -0.654683 0.686717 0.315927
vn -0.890210 0.447974 -0.082731
vn -0.890153 0.448048 -0.082944
vn -0.529338 0.826885 -0.189902
vn -0.745352 0.631586 -0.213421
vn -0.368748 0.854092 -0.366813
vn -0.397005 0.859367 -0.322298
vn -0.395827 0.687326 -0.609019
vn -0.652846 0.659438 -0.372737
vn -0.159127 0.806782 -0.569019
vn -0.366350 0.923097 -0.116964
vn 0.651988 -0.581195 -0.486955
vn 0.631892 -0.762839 -0.137073
vn 0.631891 -0.762839 -0.137073
vn 0.901435 -0.431379 0.036435
vn 0.876202 -0.463956 0.130444
vn 0.467795 -0.877158 -0.108454
vn 0.254618 -0.914443 0.314585
vn 0.529884 -0.693293 0.488433
vn 0.468837 -0.861399 0.195407
vn 0.286864 -0.827667 0.482365
vn 0.846975 -0.531443 -0.014200
vn 0.385050 -0.694194 0.608138
vn 0.414291 -0.675195 0.610307
vn 0.989448 0.139288 0.039883
vn 0.989493 0.136932 0.046402
vn -0.989304 -0.142607 -0.030664
vn -0.989479 -0.133809 -0.055011
vn -0.921639 0.089150 0.377668
vn -0.943597 0.126329 0.306049
vn 0.960691 -0.168006 -0.221012
vn 0.889400 -0.046779 -0.454729
vn 0.889401 -0.046779 -0.454729
vn -0.443004 0.104169 -0.890447
vn -0.823147 -0.206479 -0.528957
vn -0.998099 -0.058064 0.020663
vn -0.737328 -0.592192 -0.325046
vn -0.956376 -0.286994 0.054586
vn -0.810449 -0.578205 -0.094081
vn 0.999966 0.000676 -0.008171
vn 0.992194 0.119951 -0.034104
vn 0.992360 0.119227 -0.031734
vn 0.864784 0.490538 -0.107336
vn 0.900038 0.431871 -0.058479
vn 0.613149 -0.272432 -0.741504
vn 0.343923 0.065426 -0.936716
vn 0.984353 -0.161995 -0.069325
vn 0.713753 -0.462123 -0.526306
vn 0.838591 -0.539342 0.076655
vn 0.778323 -0.602772 -0.175724
vn -0.992571 0.087723 0.084303
vn -0.976536 0.207673 0.057007
vn -0.976547 0.205615 0.063868
vn -0.950996 0.306493 0.040843
vn -0.725663 0.671072 -0.151905
vn -0.041175 0.149127 -0.987960
vn -0.037709 0.152306 -0.987614
vn -0.037691 0.152322 -0.987612
vn -0.034220 0.155501 -0.987243
vn -0.052591 0.148600 -0.987498
vn -0.049460 0.151401 -0.987234
vn -0.049448 0.151412 -0.987233
vn -0.046316 0.154211 -0.986952
vn 0.513576 0.831923 0.210105
vn 0.453887 0.653079 -0.606196
vn 0.043206 0.998740 0.025515
vn 0.548937 0.747006 -0.375033
vn 0.363500 0.905436 -0.219211
vn -0.591659 0.659081 -0.464277
vn -0.396424 0.851224 0.343897
vn -0.507326 0.789700 -0.344955
vn -0.282537 0.935941 -0.210208
vn -0.121388 -0.899237 -0.420283
vn -0.119970 -0.978537 -0.167545
vn -0.471545 -0.853110 -0.223266
vn -0.437608 -0.822936 -0.362320
vn -0.108361 -0.249184 -0.962375
vn -0.659917 -0.395698 -0.638696
vn -0.066096 -0.001710 -0.997812
vn -0.398628 0.069491 -0.914476
vn -0.045538 0.096192 -0.994321
vn -0.923329 -0.311415 -0.224688
vn -0.944816 -0.302222 -0.126428
vn -0.885661 -0.306859 -0.348486
vn -0.847728 0.033340 -0.529382
vn -0.989360 0.100141 -0.105539
vn -0.981508 0.128343 0.142018
vn -0.887431 0.159576 0.432436
vn -0.990082 0.054426 -0.129523
vn -0.966768 0.152447 0.205231
vn -0.736214 0.182926 0.651558
vn -0.696084 0.178220 0.695489
vn -0.456863 0.042325 0.888529
vn -0.983914 0.164741 0.069090
vn -0.686297 0.522671 0.505778
vn -0.287964 0.151018 0.945659
vn 0.060012 0.169329 0.983731
vn 0.087861 -0.039246 0.995359
vn -0.973460 0.207041 -0.097523
vn -0.534189 0.790604 0.299310
vn -0.389348 0.544145 0.743179
vn -0.045416 0.853372 0.519321
vn -0.987956 -0.043252 -0.148568
vn -0.623849 0.749233 0.222402
vn -0.489614 0.860628 0.139987
vn -0.272385 0.895226 0.352671
vn -0.035982 0.971895 0.232647
vn -0.078725 0.980045 0.182520
vn -0.036284 0.981316 0.188949
vn 0.268107 -0.912414 -0.309224
vn 0.210141 -0.876754 -0.432601
vn 0.325556 -0.893377 -0.309662
vn 0.903566 -0.351730 -0.244651
vn 0.970378 -0.083456 -0.226719
vn 0.956755 -0.126988 -0.261713
vn 0.971392 -0.022828 -0.236383
vn 0.515489 -0.435332 -0.738077
vn 0.865831 -0.283589 -0.412206
vn 0.979290 -0.026247 -0.200756
vn 0.997690 0.067170 -0.010144
vn 0.819578 0.385913 0.423513
vn 0.770348 0.600503 0.214383
vn 0.875787 0.474898 0.086424
vn 0.291953 0.043141 -0.955459
vn 0.793228 -0.030103 -0.608181
vn 0.983058 0.012350 -0.182880
vn 0.991887 0.065726 0.108811
vn 0.773671 0.108086 0.624300
vn 0.996680 0.034077 0.073941
vn 0.926804 0.076369 0.367698
vn 0.799192 0.118224 0.589334
vn 0.578269 -0.002137 0.815844
vn 0.381313 0.125247 0.915922
vn 0.474350 0.492733 0.729524
vn 0.418804 0.832781 0.362049
vn 0.430650 0.873997 0.225099
vn 0.261605 0.952731 0.154489
vn 0.354549 0.906400 0.229641
vn 0.519392 0.825892 0.219395
vn 0.478257 0.855844 0.196981
vn 0.984191 -0.175073 0.026782
vn 0.987550 0.025623 0.155206
vn 0.880613 0.302461 0.364744
vn 0.950225 0.195363 0.242705
vn 0.321407 0.791006 0.520584
vn 0.402057 0.750916 0.523904
vn 0.484443 0.715540 0.503306
vn 0.484443 0.715540 0.503307
vn 0.646097 0.594817 0.478280
vn 0.990351 -0.085240 0.109261
vn 0.992897 -0.063109 0.100861
vn 0.983294 -0.051059 0.174714
vn 0.981730 -0.050640 0.183415
vn 0.822728 -0.174453 -0.541003
vn 0.852891 -0.176756 -0.491257
vn 0.622162 -0.708163 -0.333795
vn 0.333882 0.086576 0.938630
vn 0.580259 -0.007892 0.814394
vn 0.798557 -0.043986 0.600310
vn 0.480651 0.045381 0.875737
vn 0.991934 -0.063114 0.109928
vn 0.489031 -0.221666 -0.843631
vn 0.638302 -0.240631 -0.731209
vn 0.433414 -0.808637 -0.397817
vn 0.680962 -0.676378 -0.280719
vn 0.656417 -0.730497 -0.188390
vn 0.987956 0.043252 0.148568
vn 0.008203 -0.246969 -0.968989
vn 0.026174 -0.901032 -0.432962
vn 0.121593 -0.874238 -0.470024
vn 0.121594 -0.874238 -0.470024
vn 0.377444 -0.818954 -0.432262
vn 0.328953 -0.899050 -0.288961
vn 0.623849 -0.749233 -0.222402
vn -0.184458 -0.284909 -0.940639
vn 0.489614 -0.860628 -0.139987
vn 0.078725 -0.980045 -0.182520
vn 0.091391 -0.977211 -0.191590
vn -0.030906 0.983643 0.177457
vn -0.149717 0.942123 0.299981
vn -0.089758 0.828538 0.552691
vn -0.315189 0.747598 0.584596
vn -0.165822 0.110438 0.979952
vn -0.475057 0.029676 0.879454
vn -0.668653 0.019638 0.743316
vn -0.359320 0.064487 0.930984
vn -0.329531 0.891013 0.312258
vn -0.325556 0.893377 0.309663
vn -0.204490 0.775323 0.597544
vn -0.636217 0.533440 0.557378
vn -0.981238 0.006518 0.192689
vn -0.982391 0.023290 0.185380
vn -0.986805 0.024798 0.160002
vn -0.991245 -0.036562 0.126871
vn -0.989512 -0.040605 0.138623
vn -0.975043 0.055947 0.214853
vn -0.973440 0.033668 0.226454
vn -0.961392 0.032408 0.273268
vn -0.956755 0.126988 0.261713
vn -0.929149 0.222361 0.295361
vn -0.891005 0.214155 0.400309
vn -0.811179 -0.507404 -0.290742
vn -0.945065 -0.074592 -0.318257
vn -0.892525 -0.070379 -0.445473
vn -0.892444 -0.431699 -0.131071
vn -0.550783 -0.726633 -0.410661
vn -0.758968 -0.184326 -0.624493
vn -0.577436 -0.177524 -0.796902
vn -0.875787 -0.474898 -0.086425
vn -0.548779 -0.784844 -0.287857
vn -0.611922 -0.705858 -0.356815
vn -0.611922 -0.705857 -0.356815
vn -0.132201 -0.858458 -0.495552
vn 0.089287 -0.896519 -0.433915
vn -0.078573 -0.255651 -0.963571
vn 0.068669 -0.293265 -0.953562
vn -0.677436 -0.725310 -0.122498
vn -0.242351 -0.928220 -0.282266
vn -0.026000 -0.982342 -0.185276
vn 0.053657 -0.660586 -0.748830
vn -0.103500 -0.853802 -0.510206
vn -0.519355 -0.702427 -0.486690
vn -0.494211 -0.579252 -0.648246
vn -0.054956 -0.301845 -0.951772
vn -0.568407 -0.187256 -0.801154
vn -0.057959 0.044696 -0.997318
vn -0.434850 0.004605 -0.900491
vn -0.049373 0.060352 -0.996955
vn -0.868535 -0.337615 -0.362853
vn -0.871130 -0.297112 -0.390969
vn -0.899927 -0.027372 -0.435180
vn -0.888168 0.015349 -0.459262
vn -0.372293 0.118446 -0.920526
vn -0.050882 0.000426 -0.998705
vn -0.062829 -0.385698 -0.920483
vn -0.970340 0.192445 0.146304
vn -0.996137 0.079757 -0.036749
vn -0.970738 0.064674 0.231267
vn -0.903357 0.132269 -0.407984
vn -0.843590 0.073795 -0.531893
vn -0.416758 -0.010161 -0.908961
vn -0.065345 -0.645210 -0.761205
vn -0.953099 0.150579 -0.262541
vn -0.730375 0.372166 0.572752
vn -0.720363 0.180936 0.669581
vn -0.970443 0.168357 0.172905
vn -0.890108 0.187298 0.415484
vn -0.957658 -0.026799 -0.286658
vn -0.942255 0.332658 0.038660
vn -0.690257 0.619951 0.373102
vn -0.299966 0.426780 0.853158
vn -0.219456 0.184797 0.957961
vn -0.494313 0.028364 0.868821
vn -0.773036 0.205289 0.600226
vn -0.759938 -0.010491 0.649911
vn -0.195237 0.689855 0.697125
vn -0.045229 0.854921 0.516782
vn 0.016546 0.459663 0.887939
vn 0.043030 0.178676 0.982967
vn -0.448948 0.869497 0.205965
vn -0.072644 0.980524 0.182471
vn 0.007705 0.022061 0.999727
vn 0.018425 -0.037365 0.999132
vn -0.505142 -0.134754 0.852451
vn -0.659489 -0.168632 0.732555
vn -0.757539 -0.245535 0.604854
vn -0.942511 -0.041660 0.331568
vn 0.066414 -0.129749 0.989320
vn -0.730545 -0.269614 0.627386
vn -0.597031 -0.187406 0.780021
vn -0.965976 -0.257131 0.027807
vn -0.266187 -0.173974 0.948091
vn -0.665113 0.559037 0.495078
vn -0.859481 0.448526 0.245186
vn -0.927894 0.371404 -0.032738
vn -0.916616 -0.385292 0.106607
vn -0.777423 -0.252020 -0.576281
vn 0.062092 0.760640 0.646198
vn 0.052210 0.965955 0.253387
vn -0.651895 0.756123 0.057543
vn -0.704410 0.688951 -0.170742
vn -0.786491 0.555223 -0.270481
vn -0.908790 0.073993 -0.410642
vn -0.638469 -0.170693 -0.750481
vn -0.585069 -0.347294 -0.732858
vn -0.740045 0.383745 -0.552335
vn -0.895994 -0.337361 -0.288761
vn -0.285617 0.939574 -0.188741
vn -0.077811 0.334608 -0.939139
vn -0.730609 0.676749 -0.090679
vn -0.445639 0.670889 -0.592718
vn -0.980126 -0.173632 -0.095939
vn -0.682396 -0.146679 -0.716115
vn -0.827431 -0.528601 -0.189578
vn -0.000419 -0.253538 0.967325
vn -0.777203 -0.527695 -0.342773
vn -0.883502 -0.355589 0.304927
vn -0.909796 -0.411863 0.051390
vn -0.967903 -0.244172 0.059530
vn 0.003675 0.359961 0.932960
vn -0.784996 0.396674 0.475847
vn -0.953643 0.282740 0.103065
vn -0.980484 -0.163227 -0.109582
vn 0.001586 0.125430 0.992101
vn 0.053646 0.663919 0.745878
vn -0.690783 0.501158 0.521210
vn -0.923783 0.296650 0.242123
vn -0.869277 0.493926 0.019859
vn -0.982207 0.132229 -0.133362
vn -0.953490 -0.096230 -0.285650
vn -0.990229 0.135614 -0.032497
vn -0.997066 -0.000506 0.076544
vn 0.056385 0.947734 0.314039
vn -0.556576 0.737167 0.383156
vn -0.863527 0.358598 0.354583
vn -0.936720 0.324123 0.132285
vn -0.815608 0.573153 -0.079243
vn -0.648773 0.348547 -0.676468
vn 0.047019 0.995002 0.088094
vn -0.397552 0.899186 0.182803
vn -0.791514 0.606872 0.072193
vn -0.998030 0.040607 -0.047828
vn -0.900942 0.430752 -0.052495
vn -0.317144 0.841570 -0.437241
vn -0.389069 0.920733 -0.029613
vn 0.033226 0.984130 -0.174313
vn -0.313791 0.876942 -0.364015
vn 0.013884 0.881871 -0.471287
vn -0.021470 0.511752 -0.858865
vn -0.065016 -0.779431 -0.623106
vn 0.113180 -0.589386 -0.799884
vn 0.586386 -0.446290 -0.676001
vn 0.016341 0.899759 -0.436080
vn -0.049119 -0.991398 -0.121312
vn 0.876471 -0.369360 -0.308822
vn 0.680259 -0.219017 -0.699485
vn 0.250356 -0.361562 -0.898106
vn 0.250356 -0.361562 -0.898107
vn 0.593120 -0.145171 -0.791918
vn -0.057614 0.079646 -0.995157
vn -0.928636 -0.233391 -0.288381
vn 0.559355 -0.557083 -0.613825
vn 0.904432 0.103096 -0.413974
vn 0.568302 0.359172 -0.740289
vn 0.598087 0.005026 -0.801416
vn -0.988979 -0.133726 -0.063545
vn -0.541537 -0.545621 0.639559
vn -0.086098 -0.817288 -0.569761
vn -0.038644 0.258066 -0.965354
vn 0.392566 0.118042 -0.912117
vn -0.031776 0.375557 -0.926254
vn -0.023200 0.519336 -0.854255
vn -0.206589 0.307584 -0.928823
vn -0.064843 -0.602360 -0.795587
vn -0.091050 -0.980357 -0.174957
vn -0.123591 -0.790145 0.600330
vn -0.037239 -0.242972 0.969318
vn -0.105520 -0.982977 0.150407
vn -0.001587 -0.807972 -0.589219
vn -0.387903 -0.584903 -0.712334
vn -0.347646 -0.937425 -0.019419
vn 0.280411 -0.713646 -0.641934
vn 0.412196 -0.284207 -0.865633
vn 0.642953 -0.438361 -0.628053
vn 0.669104 -0.540908 -0.509625
vn 0.995645 0.082683 0.043053
vn 0.980445 0.101637 -0.168514
vn 0.825801 0.276627 0.491457
vn 0.790253 0.523456 0.318580
vn 0.326002 -0.017084 -0.945215
vn 0.836710 -0.088287 -0.540483
vn 0.991765 -0.011475 -0.127557
vn 0.994147 0.073153 0.079500
vn 0.810891 0.093160 0.577734
vn 0.284005 0.097443 -0.953859
vn 0.834045 -0.047488 -0.549649
vn 0.989659 -0.032973 0.139599
vn 0.940402 0.104439 0.323631
vn 0.850369 0.123049 0.511596
vn 0.866112 0.047868 -0.497553
vn 0.952637 -0.144838 0.267403
vn 0.808351 -0.076060 0.583766
vn 0.553393 0.016520 0.832756
vn 0.322813 -0.040429 -0.945599
vn 0.786543 -0.012411 -0.617411
vn 0.938618 -0.336981 -0.073753
vn 0.768292 -0.315558 0.556912
vn 0.712343 -0.224461 0.664970
vn 0.478712 -0.394392 -0.784404
vn 0.687553 -0.311414 -0.655967
vn 0.884891 -0.465232 0.022951
vn 0.662050 -0.238849 0.710381
vn 0.512615 -0.706337 -0.488174
vn 0.540763 -0.234724 -0.807762
vn 0.875490 0.083071 -0.476043
vn 0.930524 0.344214 -0.125064
vn 0.900696 0.410629 0.141881
vn 0.500833 -0.745165 -0.440336
vn 0.695484 -0.718541 -0.000130
vn 0.784769 -0.509104 -0.353484
vn 0.523858 -0.304222 -0.795627
vn 0.622158 0.450813 -0.640068
vn 0.994256 -0.104257 0.024190
vn 0.759966 0.553367 -0.340933
vn 0.880825 -0.460538 0.109781
vn 0.900002 -0.433700 0.043597
vn 0.920026 -0.351872 0.172451
vn 0.591362 -0.349706 0.726634
vn 0.146383 0.485816 -0.861716
vn 0.415394 -0.689498 0.593330
vn 0.854069 -0.302092 -0.423445
vn 0.964174 -0.209138 -0.163187
vn 0.978547 0.205718 -0.011211
vn 0.824319 0.337563 0.454476
vn 0.961523 -0.210022 -0.177097
vn 0.126532 0.292421 -0.947882
vn -0.606791 0.408903 -0.681618
vn -0.678945 0.053880 -0.732209
vn -0.678287 -0.089605 -0.729313
vn -0.036782 0.078642 -0.996224
vn -0.471159 0.158202 -0.867745
vn -0.928264 0.182243 -0.324213
vn -0.761998 -0.156172 -0.628466
vn -0.368673 -0.334259 -0.867382
vn 0.940412 -0.027824 -0.338896
vn 0.972400 0.047400 -0.228455
vn -0.651055 -0.512536 -0.559852
vn -0.941212 -0.265317 -0.209110
vn -0.697807 -0.378471 -0.608133
vn 0.606031 0.294682 -0.738843
vn -0.651693 -0.725981 -0.219654
vn -0.249991 -0.582639 -0.773328
vn 0.342239 0.813772 -0.469732
vn 0.850133 0.501556 -0.160359
vn 0.349261 0.848904 -0.396711
vn 0.924915 0.352599 -0.142146
vn 0.988510 -0.045674 -0.144090
vn 0.969588 0.241484 0.039796
vn 0.906372 0.417204 -0.066560
vn 0.461568 0.884265 -0.070920
vn 0.844111 0.536121 -0.007125
vn 0.921752 0.281186 0.267036
vn 0.965225 0.212206 0.152675
vn 0.489264 0.860909 0.139491
vn 0.653007 0.684545 0.324006
vn 0.786543 0.468755 0.402019
vn 0.775630 0.610945 -0.158572
vn 0.715373 0.647128 -0.263565
vn 0.372446 0.910501 -0.179643
vn 0.714631 0.699068 -0.024641
vn 0.747126 0.509899 0.426387
vn 0.713100 -0.347246 0.609022
vn 0.627255 -0.184722 0.756590
vn 0.354014 -0.198113 0.914016
vn 0.335952 0.155279 0.928991
vn 0.402651 0.404635 0.821062
vn 0.395597 0.718076 0.572599
vn 0.421272 0.901613 0.098101
# 674 vertex normals

vt 0.548583 1.717446 0.000000
vt 0.539348 1.765193 0.000000
vt 0.561680 1.729857 0.000000
vt 0.284798 1.711729 0.000000
vt 0.350201 1.711729 0.000000
vt 0.284799 1.648005 0.000000
vt 0.350201 1.648005 0.000000
vt 0.284799 1.580874 0.000000
vt 0.584965 1.602809 0.000000
vt 0.599490 1.672144 0.000000
vt 0.561015 1.545980 0.000000
vt 0.044513 0.241422 0.000000
vt 0.177768 0.239857 0.000000
vt 0.177290 0.177002 0.000000
vt 0.177790 0.300909 0.000000
vt 0.044521 0.302474 0.000000
vt 0.178435 0.350904 0.000000
vt 0.045890 0.352468 0.000000
vt 0.178676 0.400377 0.000000
vt 0.045987 0.401942 0.000000
vt 0.179035 0.448761 0.000000
vt 0.045026 0.450326 0.000000
vt 0.223345 1.481464 0.000000
vt 0.275970 1.481972 0.000000
vt 0.276068 1.357943 0.000000
vt 0.325310 1.474598 0.000000
vt 0.325536 1.357804 0.000000
vt 0.276085 1.286929 0.000000
vt 0.223329 1.287417 0.000000
vt 0.222970 1.207489 0.000000
vt 0.276046 1.207383 0.000000
vt 0.222725 1.061370 0.000000
vt 0.276007 1.061306 0.000000
vt 0.379960 1.474821 0.000000
vt 0.379991 1.357834 0.000000
vt 0.325623 1.286676 0.000000
vt 0.325312 1.207404 0.000000
vt 0.324988 1.061245 0.000000
vt 0.379883 1.207356 0.000000
vt 0.379840 1.061122 0.000000
vt 0.431341 1.479335 0.000000
vt 0.431294 1.357755 0.000000
vt 0.379947 1.286648 0.000000
vt 0.431223 1.286561 0.000000
vt 0.430988 1.060994 0.000000
vt 0.481513 1.060959 0.000000
vt 0.481751 1.207362 0.000000
vt 0.482138 1.286461 0.000000
vt 0.482540 1.357697 0.000000
vt 0.482591 1.479611 0.000000
vt 0.223370 1.358306 0.000000
vt 0.053620 1.358649 0.000000
vt 0.109401 1.358649 0.000000
vt 0.109401 1.398493 0.000000
vt 0.109401 1.294899 0.000000
vt 0.109401 1.175368 0.000000
vt 0.161198 1.175368 0.000000
vt 0.109401 1.123571 0.000000
vt 0.109401 1.235134 0.000000
vt 0.053620 1.235134 0.000000
vt 0.161198 1.294899 0.000000
vt 0.053620 1.294899 0.000000
vt 0.109401 1.450290 0.000000
vt 0.161198 1.450290 0.000000
vt 0.264647 1.505791 0.000000
vt 0.261941 1.563708 0.000000
vt 0.142675 1.579958 0.000000
vt 0.262096 1.629800 0.000000
vt 0.145030 1.664582 0.000000
vt 0.257502 1.693321 0.000000
vt 0.260672 1.725880 0.000000
vt 0.094419 1.912631 0.000000
vt 0.094419 1.940507 0.000000
vt 0.066543 1.912631 0.000000
vt 0.066543 1.940507 0.000000
vt 0.053620 1.450290 0.000000
vt 0.589704 1.095130 0.000000
vt 0.590059 1.031907 0.000000
vt 0.661277 1.037124 0.000000
vt 0.657700 1.100722 0.000000
vt 0.587561 1.168977 0.000000
vt 0.655336 1.173448 0.000000
vt 0.589041 1.239058 0.000000
vt 0.639456 1.318537 0.000000
vt 0.589214 1.303771 0.000000
vt 0.718914 1.038441 0.000000
vt 0.717619 1.105240 0.000000
vt 0.716286 1.184431 0.000000
vt 0.716350 1.343766 0.000000
vt 0.761319 1.265393 0.000000
vt 0.759982 1.345289 0.000000
vt 0.792793 1.349135 0.000000
vt 0.760825 1.181523 0.000000
vt 0.792514 1.262737 0.000000
vt 0.841237 1.359674 0.000000
vt 0.840322 1.264577 0.000000
vt 0.882528 1.366571 0.000000
vt 0.800704 1.178433 0.000000
vt 0.843578 1.173863 0.000000
vt 0.899435 1.260029 0.000000
vt 0.942464 1.268906 0.000000
vt 0.931332 1.382034 0.000000
vt 0.804632 1.102014 0.000000
vt 0.850624 1.100057 0.000000
vt 0.900982 1.168953 0.000000
vt 0.954432 1.180392 0.000000
vt 0.766002 1.037168 0.000000
vt 0.802606 1.037586 0.000000
vt 0.855283 1.031265 0.000000
vt 0.913045 1.092571 0.000000
vt 0.971738 1.098483 0.000000
vt 0.926199 1.012160 0.000000
vt 0.992882 1.015574 0.000000
vt 0.767868 1.103770 0.000000
vt 0.645776 1.243811 0.000000
vt 0.713998 1.268149 0.000000
vt 0.585316 1.386963 0.000000
vt 0.638708 1.391707 0.000000
vt 0.573819 1.462296 0.000000
vt 0.718928 1.429440 0.000000
vt 0.640020 1.468392 0.000000
vt 0.565737 1.495712 0.000000
vt 0.875261 1.462006 0.000000
vt 0.795429 1.443023 0.000000
vt 0.924405 1.471990 0.000000
vt 0.861655 1.535304 0.000000
vt 0.833823 1.535071 0.000000
vt 0.787929 1.520200 0.000000
vt 0.759762 1.431493 0.000000
vt 0.917741 1.541901 0.000000
vt 0.846776 1.636687 0.000000
vt 0.802068 1.631855 0.000000
vt 0.758828 1.618143 0.000000
vt 0.747217 1.512906 0.000000
vt 0.898880 1.650342 0.000000
vt 0.817241 1.718201 0.000000
vt 0.781572 1.709835 0.000000
vt 0.736786 1.690428 0.000000
vt 0.706920 1.600727 0.000000
vt 0.704175 1.504040 0.000000
vt 0.864130 1.732412 0.000000
vt 0.844308 1.765406 0.000000
vt 0.804855 1.748930 0.000000
vt 0.769369 1.742118 0.000000
vt 0.720668 1.724478 0.000000
vt 0.669646 1.687980 0.000000
vt 0.675945 1.560974 0.000000
vt 0.633695 1.526918 0.000000
vt 0.808706 1.813517 0.000000
vt 0.783636 1.802045 0.000000
vt 0.701144 1.758381 0.000000
vt 0.651131 1.721236 0.000000
vt 0.634985 1.648048 0.000000
vt 0.650586 1.617309 0.000000
vt 0.628772 1.554173 0.000000
vt 0.769302 1.841224 0.000000
vt 0.719057 1.821891 0.000000
vt 0.673343 1.787131 0.000000
vt 0.603007 1.719442 0.000000
vt 0.620073 1.681895 0.000000
vt 0.628573 1.576623 0.000000
vt 0.753985 1.860934 0.000000
vt 0.711590 1.842316 0.000000
vt 0.624961 1.760594 0.000000
vt 0.594377 1.736350 0.000000
vt 0.563542 1.655579 0.000000
vt 0.745079 1.883995 0.000000
vt 0.697246 1.866662 0.000000
vt 0.619376 1.790958 0.000000
vt 0.585515 1.751076 0.000000
vt 0.722877 1.915186 0.000000
vt 0.701096 1.940913 0.000000
vt 0.675534 1.912301 0.000000
vt 0.640648 1.885382 0.000000
vt 0.615701 1.822347 0.000000
vt 0.552461 1.803105 0.000000
vt 0.641264 1.985889 0.000000
vt 0.624905 1.937239 0.000000
vt 0.620002 1.915145 0.000000
vt 0.569977 1.831113 0.000000
vt 0.529576 1.867730 0.000000
vt 0.513166 1.856374 0.000000
vt 0.602586 1.992081 0.000000
vt 0.599249 1.949226 0.000000
vt 0.571946 1.926951 0.000000
vt 0.552332 1.865602 0.000000
vt 0.549385 1.903625 0.000000
vt 0.523646 1.890671 0.000000
vt 0.572285 1.944511 0.000000
vt 0.561386 1.988059 0.000000
vt 0.545432 1.928849 0.000000
vt 0.505166 1.922730 0.000000
vt 0.475942 1.889614 0.000000
vt 0.445295 1.849738 0.000000
vt 0.492451 1.839564 0.000000
vt 0.497040 1.825683 0.000000
vt 0.526242 1.963582 0.000000
vt 0.427382 1.846742 0.000000
vt 0.478449 1.807990 0.000000
vt 0.512864 1.758756 0.000000
vt 0.518800 1.729495 0.000000
vt 0.550348 1.674184 0.000000
vt 0.443238 1.818172 0.000000
vt 0.486629 1.759465 0.000000
vt 0.487409 1.727770 0.000000
vt 0.550054 1.646308 0.000000
vt 0.559267 1.625744 0.000000
vt 0.414722 1.829886 0.000000
vt 0.431958 1.744373 0.000000
vt 0.451425 1.754052 0.000000
vt 0.473926 1.703455 0.000000
vt 0.515862 1.639452 0.000000
vt 0.523617 1.667220 0.000000
vt 0.530565 1.624634 0.000000
vt 0.543300 1.610119 0.000000
vt 0.561379 1.616216 0.000000
vt 0.579694 1.629530 0.000000
vt 0.593405 1.646504 0.000000
vt 0.559781 1.524145 0.000000
vt 0.457828 1.830260 0.000000
# 220 texture coords

g DrawCall_0642
usemtl a5bf6047_dds
s 1
f 1/1/1 2/2/2 3/3/3 
f 4/4/4 5/5/5 6/6/6 
f 5/5/5 4/4/4 6/6/6 
f 1/7/1 7/6/7 8/8/8 
f 7/6/7 1/7/1 8/8/8 
f 9/5/9 10/4/10 11/7/6 
f 10/4/10 9/5/9 11/7/6 
f 12/4/11 7/5/7 13/6/12 
f 7/5/7 12/4/11 13/6/12 
f 9/7/9 5/6/5 14/8/6 
f 5/6/5 9/7/9 14/8/6 
f 420/5/13 421/4/13 15/7/6 
f 2/4/2 1/5/1 15/7/6 
f 16/9/14 17/10/15 18/11/16 
f 19/10/17 16/9/14 18/11/16 
f 20/12/18 21/13/19 22/14/20 
f 21/13/19 20/12/18 23/15/21 
f 24/16/22 23/15/21 20/12/18 
f 23/15/21 24/16/22 25/17/23 
f 26/18/24 25/17/23 24/16/22 
f 25/17/23 26/18/24 27/19/25 
f 28/20/26 27/19/25 26/18/24 
f 27/19/25 28/20/26 29/21/27 
f 30/22/28 29/21/27 28/20/26 
f 422/13/29 423/12/29 22/14/20 
f 424/12/30 425/13/30 23/15/21 
f 426/15/31 427/16/31 20/12/18 
f 428/16/32 429/15/32 25/17/23 
f 430/17/33 431/18/33 24/16/22 
f 432/18/34 433/17/34 27/19/25 
f 434/19/35 435/20/35 26/18/24 
f 436/20/36 437/19/36 29/21/27 
f 439/21/37 30/22/28 438/20/37 
f 31/13/38 32/12/39 33/14/40 
f 32/12/39 31/13/38 34/15/41 
f 34/15/41 35/16/42 32/12/39 
f 35/16/42 34/15/41 36/17/43 
f 36/17/43 37/18/44 35/16/42 
f 37/18/44 36/17/43 38/19/45 
f 38/19/45 39/20/46 37/18/44 
f 39/20/46 38/19/45 40/21/47 
f 40/21/47 41/22/48 39/20/46 
f 440/12/49 441/13/49 33/14/40 
f 442/13/50 443/12/50 34/15/41 
f 444/16/51 445/15/51 32/12/39 
f 446/15/52 447/16/52 36/17/43 
f 448/18/53 449/17/53 35/16/42 
f 450/17/54 451/18/54 38/19/45 
f 452/20/55 453/19/55 37/18/44 
f 454/19/56 455/20/56 40/21/47 
f 41/22/48 456/21/57 457/20/57 
f 42/23/58 43/24/59 44/25/60 
f 43/24/59 45/26/61 44/25/60 
f 46/27/62 44/25/60 45/26/61 
f 44/25/60 46/27/62 47/28/63 
f 47/28/63 48/29/64 44/25/60 
f 48/29/64 47/28/63 49/30/65 
f 50/31/66 49/30/65 47/28/63 
f 49/30/65 50/31/66 51/32/6 
f 52/33/67 51/32/6 50/31/66 
f 45/26/61 53/34/68 46/27/62 
f 54/35/69 46/27/62 53/34/68 
f 46/27/62 54/35/69 55/36/70 
f 55/36/70 47/28/63 46/27/62 
f 47/28/63 55/36/70 50/31/66 
f 56/37/71 50/31/66 55/36/70 
f 50/31/66 56/37/71 52/33/67 
f 57/38/72 52/33/67 56/37/71 
f 56/37/71 58/39/73 57/38/72 
f 59/40/74 57/38/72 58/39/73 
f 53/34/68 60/41/75 54/35/69 
f 61/42/76 54/35/69 60/41/75 
f 54/35/69 61/42/76 62/43/77 
f 62/43/77 55/36/70 54/35/69 
f 55/36/70 62/43/77 56/37/71 
f 58/39/73 56/37/71 62/43/77 
f 62/43/77 63/44/78 58/39/73 
f 58/39/73 63/44/78 59/40/74 
f 64/45/79 59/40/74 63/44/78 
f 64/45/79 63/44/78 65/46/80 
f 66/47/81 65/46/80 63/44/78 
f 67/48/82 66/47/81 63/44/78 
f 61/42/76 60/41/75 68/49/83 
f 68/49/83 67/48/82 61/42/76 
f 63/44/78 61/42/76 67/48/82 
f 63/44/78 62/43/77 61/42/76 
f 69/50/84 68/49/83 60/41/75 
f 459/24/85 42/23/58 458/25/85 
f 45/26/61 460/24/86 461/25/86 
f 462/25/87 463/27/87 45/26/61 
f 53/34/68 464/26/88 465/27/88 
f 466/27/89 467/35/89 53/34/68 
f 60/41/75 468/34/90 469/35/90 
f 470/35/91 471/42/91 60/41/75 
f 472/41/92 473/42/92 68/49/83 
f 475/49/93 69/50/84 474/41/93 
f 476/27/94 477/25/94 47/28/63 
f 478/28/95 479/36/95 46/27/62 
f 480/35/96 481/27/96 55/36/70 
f 482/36/97 483/43/97 54/35/69 
f 484/42/98 485/35/98 62/43/77 
f 486/43/99 487/44/99 61/42/76 
f 488/42/100 489/44/100 67/48/82 
f 67/48/82 490/49/101 491/42/101 
f 492/29/102 493/28/102 44/25/60 
f 494/28/103 495/29/103 49/30/65 
f 496/30/104 497/31/104 47/28/63 
f 498/36/105 499/28/105 50/31/66 
f 500/31/106 501/37/106 55/36/70 
f 502/43/107 503/36/107 56/37/71 
f 504/37/108 505/39/108 62/43/77 
f 506/44/109 507/43/109 58/39/73 
f 508/31/110 509/30/110 51/32/6 
f 51/32/6 510/33/111 511/31/111 
f 512/37/112 513/31/112 52/33/67 
f 52/33/67 514/38/113 515/37/113 
f 516/39/114 517/37/114 57/38/72 
f 57/38/72 518/40/115 519/39/116 
f 520/44/117 521/39/117 59/40/74 
f 59/40/74 522/45/118 523/44/118 
f 524/44/119 525/45/119 65/46/80 
f 65/46/80 526/47/120 527/44/120 
f 66/47/81 528/48/121 529/44/121 
f 70/24/122 71/23/123 72/51/124 
f 72/51/124 73/25/125 70/24/122 
f 74/26/126 70/24/122 73/25/125 
f 73/25/125 75/27/127 74/26/126 
f 76/34/128 74/26/126 75/27/127 
f 75/27/127 77/35/129 76/34/128 
f 78/41/130 76/34/128 77/35/129 
f 73/25/125 72/51/124 79/28/131 
f 75/27/127 73/25/125 79/28/131 
f 79/28/131 80/36/132 75/27/127 
f 77/35/129 75/27/127 80/36/132 
f 80/36/132 81/43/133 77/35/129 
f 82/42/134 77/35/129 81/43/133 
f 77/35/129 82/42/134 78/41/130 
f 78/41/130 82/42/134 68/49/83 
f 68/49/83 69/50/84 78/41/130 
f 80/36/132 79/28/131 83/31/135 
f 83/31/135 84/37/136 80/36/132 
f 81/43/133 80/36/132 84/37/136 
f 84/37/136 85/39/137 81/43/133 
f 86/44/138 81/43/133 85/39/137 
f 81/43/133 86/44/138 82/42/134 
f 82/42/134 86/44/138 67/48/82 
f 67/48/82 68/49/83 82/42/134 
f 87/30/139 83/31/135 79/28/131 
f 83/31/135 87/30/139 88/32/140 
f 88/32/140 89/33/141 83/31/135 
f 84/37/136 83/31/135 89/33/141 
f 89/33/141 90/38/142 84/37/136 
f 85/39/137 84/37/136 90/38/142 
f 90/38/142 91/40/143 85/39/137 
f 86/44/138 85/39/137 91/40/143 
f 91/40/143 92/45/144 86/44/138 
f 86/44/138 92/45/144 65/46/80 
f 65/46/80 66/47/81 86/44/138 
f 66/47/81 67/48/82 86/44/138 
f 71/23/123 530/24/145 531/51/145 
f 532/25/146 533/51/146 70/24/122 
f 534/51/147 535/25/147 79/28/131 
f 536/25/148 537/27/148 79/28/131 
f 538/36/149 539/28/149 75/27/127 
f 540/28/150 541/36/150 83/31/135 
f 542/31/151 543/30/151 79/28/131 
f 544/30/152 545/31/152 88/32/140 
f 70/24/122 546/26/153 547/25/153 
f 548/27/154 549/25/154 74/26/126 
f 74/26/126 550/34/155 551/27/155 
f 552/35/156 553/27/156 76/34/128 
f 554/27/157 555/35/157 80/36/132 
f 556/43/158 557/36/158 77/35/129 
f 558/36/159 559/43/159 84/37/136 
f 560/37/160 561/31/160 80/36/132 
f 562/31/161 563/37/161 89/33/141 
f 89/33/141 564/32/162 565/31/162 
f 76/34/128 566/41/163 567/35/163 
f 568/42/164 569/35/164 78/41/130 
f 570/35/165 571/42/165 81/43/133 
f 572/44/166 573/43/166 82/42/134 
f 574/43/167 575/44/167 85/39/137 
f 576/39/168 577/37/168 81/43/133 
f 578/37/169 579/39/169 90/38/142 
f 90/38/142 580/33/170 581/37/170 
f 582/42/171 583/41/171 68/49/83 
f 584/49/172 585/48/172 82/42/134 
f 586/44/173 587/42/173 67/48/82 
f 588/48/174 589/47/174 86/44/138 
f 590/47/175 591/46/175 86/44/138 
f 592/45/176 593/44/176 65/46/80 
f 92/45/144 594/40/177 595/44/177 
f 596/39/178 597/44/178 91/40/143 
f 91/40/143 598/38/179 599/39/179 
f 600/50/180 601/49/180 78/41/130 
f 93/52/181 94/53/182 95/54/183 
f 94/53/182 93/52/181 96/55/184 
f 602/53/185 603/52/185 95/54/183 
f 604/52/186 605/53/186 96/55/184 
f 97/53/187 98/52/188 99/54/189 
f 98/52/188 97/53/187 100/55/6 
f 606/52/190 607/53/190 99/54/189 
f 608/53/191 609/52/191 100/55/6 
f 101/56/192 102/57/193 103/58/6 
f 102/57/193 101/56/192 104/59/194 
f 105/60/195 104/59/194 101/56/192 
f 104/59/194 105/60/195 106/55/196 
f 106/55/196 107/61/197 104/59/194 
f 107/61/197 106/55/196 108/53/198 
f 106/55/196 109/62/199 108/53/198 
f 110/52/200 108/53/198 109/62/199 
f 108/53/198 110/52/200 111/54/201 
f 109/62/199 106/55/196 105/60/195 
f 112/63/202 111/54/201 110/52/200 
f 112/63/202 113/64/203 111/54/201 
f 610/57/204 611/56/204 103/58/6 
f 612/56/205 613/57/205 104/59/194 
f 614/59/206 615/60/206 101/56/192 
f 616/60/207 617/59/207 106/55/196 
f 618/55/208 619/62/208 105/60/195 
f 620/62/209 621/55/209 108/53/198 
f 622/53/210 623/52/210 109/62/199 
f 624/52/211 625/53/211 111/54/201 
f 626/54/212 627/63/212 110/52/200 
f 113/64/203 628/63/213 629/54/213 
f 630/61/214 631/55/214 104/59/194 
f 632/55/215 633/61/215 108/53/198 
f 114/57/216 115/56/217 116/58/20 
f 115/56/217 114/57/216 117/59/218 
f 117/59/218 118/60/219 115/56/217 
f 118/60/219 117/59/218 119/55/220 
f 119/55/220 120/62/221 118/60/219 
f 120/62/221 119/55/220 121/53/222 
f 121/53/222 122/52/223 120/62/221 
f 122/52/223 121/53/222 123/54/224 
f 123/54/224 124/63/225 122/52/223 
f 125/64/226 124/63/225 123/54/224 
f 126/61/227 119/55/220 117/59/218 
f 119/55/220 126/61/227 121/53/222 
f 634/56/228 635/57/228 116/58/20 
f 636/57/229 637/56/230 117/59/218 
f 638/60/231 639/59/231 115/56/217 
f 640/59/232 641/60/232 119/55/220 
f 642/55/233 643/61/233 117/59/218 
f 644/61/234 645/55/234 121/53/222 
f 646/55/235 647/62/235 121/53/222 
f 648/52/236 649/53/236 120/62/221 
f 650/53/237 651/52/237 123/54/224 
f 652/62/238 653/55/238 118/60/219 
f 654/63/239 655/54/239 122/52/223 
f 657/63/240 125/64/226 656/54/240 
f 127/59/241 128/60/242 100/55/6 
f 128/60/242 127/59/241 129/56/184 
f 658/60/243 659/59/243 100/55/6 
f 660/59/244 661/60/244 129/56/184 
f 130/60/245 131/59/246 96/55/184 
f 131/59/246 130/60/245 132/56/12 
f 662/59/247 663/60/247 96/55/184 
f 664/60/248 665/59/249 132/56/12 
f 133/65/250 134/66/251 135/67/252 
f 134/66/251 136/68/253 135/67/252 
f 137/69/254 135/67/252 136/68/253 
f 136/68/253 138/70/255 137/69/254 
f 138/70/255 41/71/48 137/69/254 
f 667/66/256 133/65/250 666/67/256 
f 136/68/253 668/66/257 669/67/257 
f 135/67/252 670/69/258 671/68/258 
f 138/70/255 672/68/259 673/69/259 
f 41/71/48 674/70/260 675/69/260 
f 139/66/261 140/65/262 141/67/263 
f 142/68/264 139/66/261 141/67/263 
f 141/67/263 143/69/265 142/68/264 
f 144/70/266 142/68/264 143/69/265 
f 30/71/28 144/70/266 143/69/265 
f 140/65/262 676/66/267 677/67/267 
f 139/66/261 678/68/268 679/67/268 
f 143/69/265 680/67/269 681/68/269 
f 142/68/264 682/70/270 683/69/270 
f 685/70/271 30/71/28 684/69/271 
f 145/72/272 146/73/273 147/74/274 
f 148/75/275 147/74/274 146/73/273 
f 149/75/276 150/74/277 151/73/278 
f 152/72/279 151/73/278 150/74/277 
f 153/63/280 154/76/281 99/54/189 
f 155/64/282 153/63/280 99/54/189 
f 154/76/281 686/63/283 687/54/283 
f 689/63/284 155/64/282 688/54/284 
f 156/76/285 157/63/286 95/54/183 
f 157/63/286 155/64/282 95/54/183 
f 691/63/287 156/76/285 690/54/287 
f 155/64/282 692/63/288 693/54/288 
f 158/77/289 159/78/290 160/79/291 
f 160/79/291 161/80/292 158/77/289 
f 162/81/293 158/77/289 161/80/292 
f 161/80/292 163/82/294 162/81/293 
f 164/83/295 162/81/293 163/82/294 
f 163/82/294 165/84/296 164/83/295 
f 166/85/297 164/83/295 165/84/296 
f 161/80/292 160/79/291 167/86/298 
f 167/86/298 168/87/299 161/80/292 
f 163/82/294 161/80/292 168/87/299 
f 168/87/299 169/88/300 163/82/294 
f 165/84/296 163/82/294 169/88/300 
f 169/88/300 170/89/301 165/84/296 
f 171/90/302 170/89/301 169/88/300 
f 170/89/301 171/90/302 172/91/303 
f 173/92/304 172/91/303 171/90/302 
f 168/87/299 167/86/298 174/93/305 
f 174/93/305 169/88/300 168/87/299 
f 169/88/300 174/93/305 171/90/302 
f 175/94/306 171/90/302 174/93/305 
f 171/90/302 175/94/306 173/92/304 
f 176/95/307 173/92/304 175/94/306 
f 175/94/306 177/96/308 176/95/307 
f 178/97/309 176/95/307 177/96/308 
f 179/98/310 174/93/305 167/86/298 
f 174/93/305 179/98/310 175/94/306 
f 177/96/308 175/94/306 179/98/310 
f 179/98/310 180/99/311 177/96/308 
f 181/100/312 177/96/308 180/99/311 
f 177/96/308 181/100/312 178/97/309 
f 178/97/309 181/100/312 182/101/313 
f 182/101/313 183/102/314 178/97/309 
f 167/86/298 184/103/315 179/98/310 
f 180/99/311 179/98/310 184/103/315 
f 184/103/315 185/104/316 180/99/311 
f 186/105/317 180/99/311 185/104/316 
f 180/99/311 186/105/317 181/100/312 
f 181/100/312 186/105/317 187/106/318 
f 187/106/318 182/101/313 181/100/312 
f 184/103/315 167/86/298 188/107/319 
f 188/107/319 189/108/320 184/103/315 
f 185/104/316 184/103/315 189/108/320 
f 189/108/320 190/109/321 185/104/316 
f 191/110/322 185/104/316 190/109/321 
f 185/104/316 191/110/322 186/105/317 
f 186/105/317 191/110/322 192/111/323 
f 192/111/323 187/106/318 186/105/317 
f 190/109/321 193/112/324 191/110/322 
f 191/110/322 193/112/324 194/113/325 
f 194/113/325 192/111/323 191/110/322 
f 159/78/290 158/77/289 195/79/326 
f 196/80/327 195/79/326 158/77/289 
f 195/79/326 196/80/327 197/86/328 
f 198/87/329 197/86/328 196/80/327 
f 198/87/329 199/114/330 197/86/328 
f 200/107/331 197/86/328 199/114/330 
f 199/114/330 201/103/332 200/107/331 
f 158/77/289 162/81/293 196/80/327 
f 202/82/333 196/80/327 162/81/293 
f 196/80/327 202/82/333 198/87/329 
f 203/88/334 198/87/329 202/82/333 
f 203/88/334 204/93/335 198/87/329 
f 199/114/330 198/87/329 204/93/335 
f 204/93/335 205/98/336 199/114/330 
f 201/103/332 199/114/330 205/98/336 
f 205/98/336 206/99/337 201/103/332 
f 207/104/338 201/103/332 206/99/337 
f 208/109/339 201/103/332 207/104/338 
f 162/81/293 164/83/295 202/82/333 
f 209/84/340 202/82/333 164/83/295 
f 202/82/333 209/84/340 203/88/334 
f 210/89/341 203/88/334 209/84/340 
f 210/89/341 211/90/342 203/88/334 
f 204/93/335 203/88/334 211/90/342 
f 211/90/342 212/94/343 204/93/335 
f 205/98/336 204/93/335 212/94/343 
f 212/94/343 213/96/344 205/98/336 
f 206/99/337 205/98/336 213/96/344 
f 164/83/295 166/85/297 209/84/340 
f 211/90/342 210/89/341 214/91/345 
f 214/91/345 215/92/346 211/90/342 
f 212/94/343 211/90/342 215/92/346 
f 215/92/346 216/95/347 212/94/343 
f 213/96/344 212/94/343 216/95/347 
f 216/95/347 217/97/348 213/96/344 
f 218/100/349 213/96/344 217/97/348 
f 213/96/344 218/100/349 206/99/337 
f 219/105/350 206/99/337 218/100/349 
f 206/99/337 219/105/350 207/104/338 
f 220/110/351 207/104/338 219/105/350 
f 207/104/338 220/110/351 208/109/339 
f 221/112/352 208/109/339 220/110/351 
f 218/100/349 217/97/348 182/101/313 
f 182/101/313 187/106/318 218/100/349 
f 219/105/350 218/100/349 187/106/318 
f 187/106/318 192/111/323 219/105/350 
f 220/110/351 219/105/350 192/111/323 
f 192/111/323 194/113/325 220/110/351 
f 221/112/352 220/110/351 194/113/325 
f 183/102/314 182/101/313 217/97/348 
f 694/78/353 695/77/353 160/79/291 
f 696/80/354 697/79/354 158/77/289 
f 698/79/355 699/80/355 167/86/298 
f 700/87/356 701/86/356 161/80/292 
f 702/86/357 703/87/357 174/93/305 
f 704/93/358 705/98/358 167/86/298 
f 706/103/359 707/86/359 179/98/310 
f 708/86/360 709/103/360 188/107/319 
f 710/77/361 711/81/361 161/80/292 
f 712/82/362 713/80/362 162/81/293 
f 714/80/363 715/82/364 168/87/299 
f 716/88/365 717/87/365 163/82/294 
f 718/88/366 719/93/366 168/87/299 
f 720/93/367 721/88/367 171/90/302 
f 722/90/368 723/94/368 174/93/305 
f 724/98/369 725/93/369 175/94/306 
f 726/94/370 727/96/370 179/98/310 
f 728/99/371 729/98/371 177/96/308 
f 730/98/372 731/99/372 184/103/315 
f 732/81/373 733/83/373 163/82/294 
f 734/84/374 735/82/374 164/83/295 
f 736/82/375 737/84/375 169/88/300 
f 738/89/376 739/88/376 165/84/296 
f 740/89/377 741/90/377 169/88/300 
f 742/96/378 743/100/378 180/99/311 
f 744/105/379 745/99/379 181/100/312 
f 746/99/380 747/105/380 185/104/316 
f 748/104/381 749/103/381 180/99/311 
f 750/103/382 751/104/382 189/108/320 
f 189/108/320 752/107/383 753/103/383 
f 754/105/384 755/100/384 187/106/318 
f 756/106/385 757/111/385 186/105/317 
f 758/110/386 759/105/387 192/111/323 
f 760/110/388 761/104/388 186/105/317 
f 762/104/389 763/110/389 190/109/321 
f 190/109/321 764/108/390 765/104/390 
f 766/101/391 767/106/391 181/100/312 
f 193/112/324 768/109/392 769/110/392 
f 770/112/393 771/110/393 194/113/325 
f 772/111/394 773/113/394 191/110/322 
f 774/77/395 775/78/395 195/79/326 
f 776/79/396 777/80/396 158/77/289 
f 778/81/397 779/77/397 196/80/327 
f 780/80/398 781/82/398 162/81/293 
f 782/83/399 783/81/399 202/82/333 
f 784/82/400 785/84/400 164/83/295 
f 786/84/401 787/82/401 203/88/334 
f 788/88/402 789/89/402 209/84/340 
f 790/80/403 791/79/403 197/86/328 
f 792/86/404 793/87/404 196/80/327 
f 794/82/405 795/80/405 198/87/329 
f 796/87/406 797/88/406 202/82/333 
f 798/93/407 799/88/407 198/87/329 
f 800/88/408 801/93/408 211/90/342 
f 802/90/409 803/89/409 203/88/334 
f 804/114/410 805/87/410 197/86/328 
f 806/87/411 807/114/411 204/93/335 
f 808/98/412 809/93/412 199/114/330 
f 810/93/413 811/98/413 212/94/343 
f 812/94/414 813/90/414 204/93/335 
f 197/86/328 814/107/415 815/114/415 
f 816/103/416 817/114/416 200/107/331 
f 818/114/417 819/103/417 205/98/336 
f 820/99/418 821/98/418 201/103/332 
f 822/98/419 823/99/419 213/96/344 
f 824/96/420 825/94/420 205/98/336 
f 826/103/421 827/104/421 206/99/337 
f 828/105/422 829/99/422 207/104/338 
f 830/99/423 831/105/423 218/100/349 
f 832/100/424 833/96/424 206/99/337 
f 201/103/332 834/109/425 835/104/425 
f 836/110/426 837/104/426 208/109/339 
f 838/104/427 839/110/428 219/105/350 
f 840/105/429 841/110/429 192/111/323 
f 842/111/430 843/106/430 219/105/350 
f 844/100/431 845/105/431 187/106/318 
f 846/106/432 847/101/432 218/100/349 
f 208/109/339 848/112/433 849/110/433 
f 850/110/434 851/112/434 194/113/325 
f 852/113/435 853/111/435 220/110/351 
f 222/77/436 223/78/437 224/79/438 
f 224/79/438 225/80/439 222/77/436 
f 226/81/440 222/77/436 225/80/439 
f 225/80/439 227/82/441 226/81/440 
f 228/83/442 226/81/440 227/82/441 
f 227/82/441 229/115/443 228/83/442 
f 230/85/444 228/83/442 229/115/443 
f 225/80/439 224/79/438 231/86/445 
f 231/86/445 232/87/446 225/80/439 
f 227/82/441 225/80/439 232/87/446 
f 232/87/446 233/88/447 227/82/441 
f 229/115/443 227/82/441 233/88/447 
f 233/88/447 234/116/448 229/115/443 
f 235/84/449 229/115/443 234/116/448 
f 229/115/443 235/84/449 230/85/444 
f 236/117/450 230/85/444 235/84/449 
f 235/84/449 133/118/250 236/117/450 
f 237/119/451 236/117/450 133/118/250 
f 232/87/446 231/86/445 238/98/452 
f 238/98/452 233/88/447 232/87/446 
f 233/88/447 238/98/452 239/90/453 
f 239/90/453 234/116/448 233/88/447 
f 234/116/448 239/90/453 240/91/454 
f 240/91/454 241/89/455 234/116/448 
f 234/116/448 241/89/455 235/84/449 
f 133/118/250 235/84/449 241/89/455 
f 241/89/455 242/120/456 133/118/250 
f 134/121/251 133/118/250 242/120/456 
f 854/118/457 855/121/457 237/119/451 
f 243/122/458 237/119/451 134/121/251 
f 231/86/445 244/103/459 238/98/452 
f 245/99/460 238/98/452 244/103/459 
f 238/98/452 245/99/460 246/96/461 
f 246/96/461 247/94/462 238/98/452 
f 247/94/462 239/90/453 238/98/452 
f 239/90/453 247/94/462 248/92/463 
f 248/92/463 240/91/454 239/90/453 
f 244/103/459 231/86/445 249/107/464 
f 249/107/464 250/108/465 244/103/459 
f 251/109/466 244/103/459 250/108/465 
f 244/103/459 251/109/466 245/99/460 
f 252/105/467 245/99/460 251/109/466 
f 245/99/460 252/105/467 253/100/468 
f 253/100/468 246/96/461 245/99/460 
f 246/96/461 253/100/468 254/123/469 
f 254/123/469 255/95/470 246/96/461 
f 247/94/462 246/96/461 255/95/470 
f 255/95/470 248/92/463 247/94/462 
f 248/92/463 255/95/470 254/123/469 
f 254/123/469 256/124/471 248/92/463 
f 240/91/454 248/92/463 256/124/471 
f 251/109/466 257/110/472 252/105/467 
f 252/105/467 257/110/472 258/111/473 
f 258/111/473 259/106/474 252/105/467 
f 253/100/468 252/105/467 259/106/474 
f 259/106/474 260/101/475 253/100/468 
f 254/123/469 253/100/468 260/101/475 
f 251/109/466 261/112/476 257/110/472 
f 257/110/472 261/112/476 262/113/477 
f 262/113/477 258/111/473 257/110/472 
f 260/101/475 263/102/478 254/123/469 
f 263/102/478 264/125/479 254/123/469 
f 265/126/480 254/123/469 264/125/479 
f 265/126/480 266/127/481 254/123/469 
f 256/124/471 254/123/469 266/127/481 
f 266/127/481 267/128/482 256/124/471 
f 268/129/483 256/124/471 267/128/482 
f 256/124/471 268/129/483 240/91/454 
f 241/89/455 240/91/454 268/129/483 
f 264/125/479 269/130/484 265/126/480 
f 78/131/130 265/126/480 269/130/484 
f 266/127/481 265/126/480 78/131/130 
f 856/131/485 857/132/485 266/127/481 
f 267/128/482 266/127/481 76/132/128 
f 858/132/486 859/133/486 267/128/482 
f 270/134/487 267/128/482 74/133/126 
f 267/128/482 270/134/487 268/129/483 
f 242/120/456 268/129/483 270/134/487 
f 268/129/483 242/120/456 241/89/455 
f 269/130/484 860/135/488 861/131/488 
f 271/136/489 78/131/130 69/135/84 
f 76/132/128 78/131/130 271/136/489 
f 271/136/489 272/137/490 76/132/128 
f 74/133/126 76/132/128 272/137/490 
f 272/137/490 273/138/491 74/133/126 
f 70/139/122 74/133/126 273/138/491 
f 862/133/492 863/139/492 270/134/487 
f 274/140/493 270/134/487 70/139/122 
f 270/134/487 274/140/493 242/120/456 
f 242/120/456 274/140/493 134/121/251 
f 69/135/84 275/141/494 271/136/489 
f 271/136/489 275/141/494 276/142/495 
f 276/142/495 277/143/496 271/136/489 
f 272/137/490 271/136/489 277/143/496 
f 277/143/496 278/144/497 272/137/490 
f 273/138/491 272/137/490 278/144/497 
f 278/144/497 279/145/498 273/138/491 
f 280/146/499 273/138/491 279/145/498 
f 273/138/491 280/146/499 70/139/122 
f 71/147/123 70/139/122 280/146/499 
f 864/139/500 865/147/500 274/140/493 
f 274/140/493 71/147/123 136/148/253 
f 136/148/253 134/121/251 274/140/493 
f 866/121/501 867/148/501 243/122/458 
f 277/143/496 276/142/495 155/149/282 
f 155/149/282 157/150/286 277/143/496 
f 278/144/497 277/143/496 157/150/286 
f 157/150/286 156/151/285 278/144/497 
f 279/145/498 278/144/497 156/151/285 
f 280/146/499 279/145/498 156/151/285 
f 156/151/285 281/152/502 280/146/499 
f 40/153/47 280/146/499 281/152/502 
f 280/146/499 40/153/47 282/154/503 
f 280/146/499 282/154/503 71/147/123 
f 71/147/123 282/154/503 138/155/255 
f 138/155/255 136/148/253 71/147/123 
f 868/150/504 869/149/504 283/156/505 
f 283/156/505 125/157/226 157/150/286 
f 125/157/226 870/151/506 871/150/506 
f 872/157/507 873/158/507 156/151/285 
f 281/152/502 156/151/285 124/158/225 
f 124/158/225 284/159/508 281/152/502 
f 285/160/509 281/152/502 284/159/508 
f 281/152/502 285/160/509 40/153/47 
f 41/161/48 40/153/47 285/160/509 
f 874/153/510 875/161/510 138/155/255 
f 138/155/255 282/154/503 40/153/47 
f 125/157/226 283/156/505 286/162/511 
f 286/162/511 287/163/512 125/157/226 
f 124/158/225 125/157/226 287/163/512 
f 287/163/512 288/164/513 124/158/225 
f 288/164/513 284/159/508 124/158/225 
f 284/159/508 288/164/513 289/165/514 
f 290/166/515 284/159/508 289/165/514 
f 19/10/17 284/159/508 290/166/515 
f 19/10/17 285/160/509 284/159/508 
f 285/160/509 19/10/17 41/161/48 
f 287/163/512 286/162/511 291/167/516 
f 291/167/516 292/168/517 287/163/512 
f 288/164/513 287/163/512 292/168/517 
f 292/168/517 293/169/518 288/164/513 
f 288/164/513 293/169/518 294/170/519 
f 294/170/519 289/165/514 288/164/513 
f 289/165/514 294/170/519 3/3/3 
f 3/3/3 290/166/515 289/165/514 
f 292/168/517 291/167/516 295/171/520 
f 292/168/517 295/171/520 296/172/521 
f 296/172/521 297/173/522 292/168/517 
f 298/174/523 292/168/517 297/173/522 
f 292/168/517 298/174/523 293/169/518 
f 293/169/518 298/174/523 299/175/524 
f 293/169/518 299/175/524 300/176/525 
f 300/176/525 294/170/519 293/169/518 
f 294/170/519 300/176/525 2/2/2 
f 876/2/526 877/3/526 294/170/519 
f 878/2/527 879/1/527 3/3/3 
f 290/166/515 880/3/528 881/1/528 
f 297/173/522 296/172/521 301/177/529 
f 301/177/529 302/178/530 297/173/522 
f 298/174/523 297/173/522 302/178/530 
f 302/178/530 303/179/531 298/174/523 
f 304/180/532 298/174/523 303/179/531 
f 304/180/532 299/175/524 298/174/523 
f 304/180/532 300/176/525 299/175/524 
f 305/181/533 300/176/525 304/180/532 
f 300/176/525 305/181/533 306/182/534 
f 306/182/534 2/2/2 300/176/525 
f 302/178/530 301/177/529 307/183/535 
f 307/183/535 308/184/536 302/178/530 
f 303/179/531 302/178/530 308/184/536 
f 309/185/537 303/179/531 308/184/536 
f 303/179/531 309/185/537 310/186/538 
f 303/179/531 310/186/538 304/180/532 
f 304/180/532 310/186/538 305/181/533 
f 310/186/538 311/187/539 305/181/533 
f 312/188/540 305/181/533 311/187/539 
f 305/181/533 312/188/540 306/182/534 
f 313/189/541 308/184/536 307/183/535 
f 308/184/536 313/189/541 309/185/537 
f 311/187/539 309/185/537 313/189/541 
f 309/185/537 311/187/539 310/186/538 
f 307/183/535 314/190/542 313/189/541 
f 315/191/543 313/189/541 314/190/542 
f 313/189/541 315/191/543 311/187/539 
f 311/187/539 315/191/543 312/188/540 
f 316/192/544 312/188/540 315/191/543 
f 312/188/540 316/192/544 317/193/545 
f 317/193/545 306/182/534 312/188/540 
f 306/182/534 317/193/545 318/194/546 
f 318/194/546 319/195/547 306/182/534 
f 319/195/547 320/196/548 306/182/534 
f 2/2/2 306/182/534 320/196/548 
f 314/190/542 321/197/549 315/191/543 
f 315/191/543 321/197/549 316/192/544 
f 319/195/547 318/194/546 322/198/550 
f 320/196/548 319/195/547 322/198/550 
f 320/196/548 322/198/550 323/199/551 
f 324/200/552 320/196/548 323/199/551 
f 320/196/548 324/200/552 2/2/2 
f 882/1/553 883/2/554 324/200/552 
f 324/200/552 325/201/555 1/1/1 
f 884/202/556 885/1/556 325/201/555 
f 886/1/557 887/202/557 290/166/515 
f 323/199/551 322/198/550 326/203/558 
f 327/204/559 323/199/551 326/203/558 
f 323/199/551 327/204/559 324/200/552 
f 325/201/555 324/200/552 327/204/559 
f 328/205/560 325/201/555 327/204/559 
f 325/201/555 328/205/560 7/202/7 
f 888/206/561 889/202/561 328/205/560 
f 890/202/562 891/206/562 329/207/563 
f 329/207/563 290/166/515 7/202/7 
f 290/166/515 329/207/563 19/10/17 
f 330/208/564 326/203/558 322/198/550 
f 326/203/558 330/208/564 331/209/565 
f 331/209/565 332/210/566 326/203/558 
f 326/203/558 332/210/566 327/204/559 
f 328/205/560 327/204/559 332/210/566 
f 333/211/567 328/205/560 332/210/566 
f 328/205/560 333/211/567 334/212/568 
f 334/212/568 335/213/569 328/205/560 
f 328/205/560 335/213/569 12/206/11 
f 336/214/570 12/206/11 335/213/569 
f 12/206/11 336/214/570 337/215/571 
f 337/215/571 329/207/563 12/206/11 
f 332/210/566 331/209/565 333/211/567 
f 335/213/569 334/212/568 336/214/570 
f 338/216/572 329/207/563 337/215/571 
f 329/207/563 338/216/572 339/217/573 
f 329/207/563 339/217/573 340/218/574 
f 340/218/574 19/10/17 329/207/563 
f 19/10/17 340/218/574 16/9/14 
f 18/11/16 41/161/48 19/10/17 
f 41/161/48 18/11/16 341/219/575 
f 341/219/575 892/155/576 893/161/576 
f 894/148/577 895/155/577 341/219/575 
f 341/219/575 243/122/458 136/148/253 
f 223/78/437 222/77/436 342/79/578 
f 222/77/436 226/81/440 342/79/578 
f 343/82/579 342/79/578 226/81/440 
f 342/79/578 343/82/579 344/87/580 
f 344/87/580 345/86/581 342/79/578 
f 345/86/581 344/87/580 346/98/582 
f 347/103/583 345/86/581 346/98/582 
f 346/98/582 348/99/584 347/103/583 
f 349/109/585 347/103/583 348/99/584 
f 226/81/440 228/83/442 343/82/579 
f 350/115/586 343/82/579 228/83/442 
f 343/82/579 350/115/586 351/88/587 
f 351/88/587 344/87/580 343/82/579 
f 351/88/587 346/98/582 344/87/580 
f 346/98/582 351/88/587 352/90/588 
f 352/90/588 353/94/589 346/98/582 
f 353/94/589 354/96/590 346/98/582 
f 348/99/584 346/98/582 354/96/590 
f 228/83/442 230/85/444 350/115/586 
f 355/84/591 350/115/586 230/85/444 
f 350/115/586 355/84/591 356/116/592 
f 356/116/592 351/88/587 350/115/586 
f 356/116/592 352/90/588 351/88/587 
f 352/90/588 356/116/592 357/91/593 
f 357/91/593 358/92/594 352/90/588 
f 353/94/589 352/90/588 358/92/594 
f 358/92/594 359/95/595 353/94/589 
f 354/96/590 353/94/589 359/95/595 
f 230/85/444 236/117/450 355/84/591 
f 140/118/262 355/84/591 236/117/450 
f 355/84/591 140/118/262 360/89/596 
f 360/89/596 356/116/592 355/84/591 
f 360/89/596 357/91/593 356/116/592 
f 357/91/593 360/89/596 361/129/597 
f 361/129/597 362/124/598 357/91/593 
f 358/92/594 357/91/593 362/124/598 
f 362/124/598 363/123/599 358/92/594 
f 359/95/595 358/92/594 363/123/599 
f 359/95/595 363/123/599 354/96/590 
f 236/117/450 237/119/451 140/118/262 
f 896/121/600 897/118/600 237/119/451 
f 140/118/262 139/121/261 364/120/601 
f 364/120/601 360/89/596 140/118/262 
f 364/120/601 361/129/597 360/89/596 
f 361/129/597 364/120/601 365/134/602 
f 365/134/602 366/128/603 361/129/597 
f 362/124/598 361/129/597 366/128/603 
f 366/128/603 367/127/604 362/124/598 
f 363/123/599 362/124/598 367/127/604 
f 237/119/451 243/122/458 139/121/261 
f 898/148/605 899/121/605 243/122/458 
f 139/121/261 142/148/264 368/140/606 
f 368/140/606 364/120/601 139/121/261 
f 368/140/606 365/134/602 364/120/601 
f 365/134/602 368/140/606 43/139/59 
f 900/139/607 901/133/607 365/134/602 
f 366/128/603 365/134/602 45/133/61 
f 902/133/608 903/132/608 366/128/603 
f 367/127/604 366/128/603 53/132/68 
f 243/122/458 341/219/575 142/148/264 
f 904/155/609 905/148/609 341/219/575 
f 142/148/264 144/155/266 42/147/58 
f 42/147/58 368/140/606 142/148/264 
f 906/147/610 907/139/610 368/140/606 
f 43/139/59 42/147/58 369/146/611 
f 369/146/611 370/138/612 43/139/59 
f 45/133/61 43/139/59 370/138/612 
f 370/138/612 371/137/613 45/133/61 
f 53/132/68 45/133/61 371/137/613 
f 909/155/614 341/219/575 908/161/614 
f 910/161/615 911/153/615 144/155/266 
f 372/154/616 144/155/266 29/153/27 
f 372/154/616 42/147/58 144/155/266 
f 372/154/616 369/146/611 42/147/58 
f 18/11/16 30/161/28 341/219/575 
f 30/161/28 18/11/16 17/10/15 
f 17/10/15 373/160/617 30/161/28 
f 29/153/27 30/161/28 373/160/617 
f 373/160/617 374/152/618 29/153/27 
f 369/146/611 29/153/27 374/152/618 
f 29/153/27 369/146/611 372/154/616 
f 373/160/617 17/10/15 375/159/619 
f 374/152/618 373/160/617 375/159/619 
f 375/159/619 112/158/202 374/152/618 
f 154/151/281 374/152/618 112/158/202 
f 374/152/618 154/151/281 369/146/611 
f 376/145/620 369/146/611 154/151/281 
f 370/138/612 369/146/611 376/145/620 
f 375/159/619 17/10/15 377/166/621 
f 375/159/619 377/166/621 378/165/622 
f 379/164/623 375/159/619 378/165/622 
f 375/159/619 379/164/623 112/158/202 
f 379/164/623 380/163/624 112/158/202 
f 113/157/203 112/158/202 380/163/624 
f 912/158/625 913/157/625 154/151/281 
f 381/207/626 377/166/621 17/10/15 
f 377/166/621 381/207/626 5/202/5 
f 914/202/627 915/1/627 377/166/621 
f 377/166/621 9/1/9 378/165/622 
f 382/170/628 378/165/622 9/1/9 
f 378/165/622 382/170/628 379/164/623 
f 383/169/629 379/164/623 382/170/628 
f 383/169/629 384/168/630 379/164/623 
f 380/163/624 379/164/623 384/168/630 
f 17/10/15 340/218/574 381/207/626 
f 339/217/573 381/207/626 340/218/574 
f 338/216/572 381/207/626 339/217/573 
f 381/207/626 338/216/572 337/215/571 
f 381/207/626 337/215/571 4/206/4 
f 916/206/631 917/202/631 381/207/626 
f 340/218/574 17/10/15 16/9/14 
f 336/214/570 4/206/4 337/215/571 
f 4/206/4 336/214/570 385/213/632 
f 385/213/632 386/205/633 4/206/4 
f 918/202/634 919/206/634 386/205/633 
f 386/205/633 387/201/635 5/202/5 
f 920/1/636 921/202/636 387/201/635 
f 334/212/568 385/213/632 336/214/570 
f 385/213/632 334/212/568 386/205/633 
f 333/211/567 386/205/633 334/212/568 
f 386/205/633 333/211/567 388/210/637 
f 389/204/638 386/205/633 388/210/637 
f 387/201/635 386/205/633 389/204/638 
f 390/200/639 387/201/635 389/204/638 
f 387/201/635 390/200/639 9/1/9 
f 922/2/640 923/1/640 390/200/639 
f 924/1/641 925/2/641 382/170/628 
f 391/176/642 382/170/628 10/2/10 
f 382/170/628 391/176/642 383/169/629 
f 331/209/565 388/210/637 333/211/567 
f 388/210/637 331/209/565 392/203/643 
f 388/210/637 392/203/643 389/204/638 
f 393/199/644 389/204/638 392/203/643 
f 389/204/638 393/199/644 390/200/639 
f 394/196/645 390/200/639 393/199/644 
f 390/200/639 394/196/645 10/2/10 
f 395/182/646 10/2/10 394/196/645 
f 10/2/10 395/182/646 391/176/642 
f 330/208/564 392/203/643 331/209/565 
f 392/203/643 330/208/564 396/220/647 
f 396/220/647 393/199/644 392/203/643 
f 396/220/647 394/196/645 393/199/644 
f 397/195/648 394/196/645 396/220/647 
f 394/196/645 397/195/648 395/182/646 
f 397/195/648 318/194/546 395/182/646 
f 317/193/545 395/182/646 318/194/546 
f 395/182/646 317/193/545 398/188/649 
f 398/188/649 399/181/650 395/182/646 
f 399/181/650 391/176/642 395/182/646 
f 322/198/550 396/220/647 330/208/564 
f 396/220/647 322/198/550 397/195/648 
f 318/194/546 397/195/648 322/198/550 
f 316/192/544 398/188/649 317/193/545 
f 398/188/649 316/192/544 400/191/651 
f 400/191/651 401/187/652 398/188/649 
f 399/181/650 398/188/649 401/187/652 
f 401/187/652 402/186/653 399/181/650 
f 402/186/653 403/180/654 399/181/650 
f 391/176/642 399/181/650 403/180/654 
f 391/176/642 403/180/654 404/175/655 
f 404/175/655 383/169/629 391/176/642 
f 321/197/549 400/191/651 316/192/544 
f 321/197/549 314/190/542 400/191/651 
f 405/189/656 400/191/651 314/190/542 
f 400/191/651 405/189/656 401/187/652 
f 406/185/657 401/187/652 405/189/656 
f 401/187/652 406/185/657 402/186/653 
f 406/185/657 407/179/658 402/186/653 
f 402/186/653 407/179/658 403/180/654 
f 408/174/659 403/180/654 407/179/658 
f 404/175/655 403/180/654 408/174/659 
f 408/174/659 383/169/629 404/175/655 
f 408/174/659 384/168/630 383/169/629 
f 314/190/542 307/183/535 405/189/656 
f 409/184/660 405/189/656 307/183/535 
f 405/189/656 409/184/660 406/185/657 
f 407/179/658 406/185/657 409/184/660 
f 410/178/661 407/179/658 409/184/660 
f 407/179/658 410/178/661 408/174/659 
f 411/173/662 408/174/659 410/178/661 
f 384/168/630 408/174/659 411/173/662 
f 411/173/662 296/172/521 384/168/630 
f 295/171/520 384/168/630 296/172/521 
f 291/167/516 384/168/630 295/171/520 
f 384/168/630 291/167/516 380/163/624 
f 409/184/660 307/183/535 410/178/661 
f 301/177/529 410/178/661 307/183/535 
f 410/178/661 301/177/529 411/173/662 
f 296/172/521 411/173/662 301/177/529 
f 286/162/511 380/163/624 291/167/516 
f 380/163/624 286/162/511 113/157/203 
f 283/156/505 113/157/203 286/162/511 
f 113/157/203 283/156/505 153/150/280 
f 927/151/663 113/157/203 926/150/663 
f 154/151/281 153/150/280 412/144/664 
f 412/144/664 376/145/620 154/151/281 
f 376/145/620 412/144/664 370/138/612 
f 371/137/613 370/138/612 412/144/664 
f 928/149/665 929/150/665 283/156/505 
f 153/150/280 155/149/282 413/143/666 
f 413/143/666 412/144/664 153/150/280 
f 412/144/664 413/143/666 371/137/613 
f 414/136/667 371/137/613 413/143/666 
f 371/137/613 414/136/667 53/132/68 
f 60/131/75 53/132/68 414/136/667 
f 930/132/668 931/131/668 367/127/604 
f 415/126/669 367/127/604 60/131/75 
f 367/127/604 415/126/669 363/123/599 
f 276/142/495 413/143/666 155/149/282 
f 413/143/666 276/142/495 414/136/667 
f 275/141/494 414/136/667 276/142/495 
f 275/141/494 69/135/84 414/136/667 
f 60/131/75 414/136/667 69/135/84 
f 933/135/670 269/130/484 932/131/670 
f 415/126/669 60/131/75 269/130/484 
f 269/130/484 264/125/479 415/126/669 
f 363/123/599 415/126/669 264/125/479 
f 264/125/479 263/102/478 363/123/599 
f 263/102/478 260/101/475 363/123/599 
f 416/100/671 363/123/599 260/101/475 
f 416/100/671 354/96/590 363/123/599 
f 354/96/590 416/100/671 348/99/584 
f 417/105/672 348/99/584 416/100/671 
f 348/99/584 417/105/672 349/109/585 
f 418/110/673 349/109/585 417/105/672 
f 419/112/674 349/109/585 418/110/673 
f 260/101/475 259/106/474 416/100/671 
f 417/105/672 416/100/671 259/106/474 
f 259/106/474 258/111/473 417/105/672 
f 418/110/673 417/105/672 258/111/473 
f 258/111/473 262/113/477 418/110/673 
f 419/112/674 418/110/673 262/113/477 
# 0 polygons - 940 triangles